Neighborhood,kWh per month
Adela de Char.,"[338.6983931  279.39554546 165.88279975 122.20308946 134.58310638
 398.67959169 472.78568691 276.85464677 289.57014599 125.61301179
 474.3187181  110.78500483 124.31506925 134.39377645 260.88368091
 412.18188546 400.34409934 115.5249891  230.2502003  295.95181586
 363.47797655 427.6738563  458.57924518 321.0103839  390.96443316
 294.40737807 226.60734962 198.46701699 183.77298021 151.78618409
 139.95090966 197.51296004 353.96404326 406.34301723 293.79881657
 309.11369678]"
Adelita de Char Etp. 2,"[150.02030984 438.86314247 397.06520126 465.98252897 347.60796891
 479.77756469 438.62588576 346.99443133 188.5176608  326.7906146
 218.0858016  163.8321265  413.35012334 114.10499578 434.83089717
 486.69463819 203.64081934 188.31746414 185.38052606 294.39369362
 123.5844669  392.9219653  122.34650424 381.07359519 452.10176901
 310.32134706 419.24211081 125.80815528 414.30891056 441.00385141
 236.66585465 365.80060584 422.10642907 178.25642974 164.82939058
 204.52175333]"
Altamira.,"[152.04930829 486.09631377 253.04948062 223.99220213 207.26826401
 432.9031548  380.15049731 326.77389574 313.7059114  372.90376583
 120.75209251 475.12806151 339.58821154 208.25298812 449.5154189
 204.17831354 104.74200248 199.08552169 377.21989094 111.69523317
 306.92920333 392.35529867 118.68856369 399.10162163 335.31707899
 303.76415378 228.16173242 478.83509897 404.1663671  167.83935087
 240.96405306 355.48136736 419.17331444 408.13668084 330.42280929
 108.15728485]"
Altos de Riomar.,"[484.43292327 380.34084133 326.67462738 156.95354261 209.13243942
 210.5419195  401.12059914 327.20582477 496.58476629 315.94533492
 408.17538097 419.52735992 296.37015736 382.03427754 415.81452179
 133.60002148 485.31452948 295.95659755 238.28342908 443.28922624
 480.43960546 164.04989501 337.57230497 378.72188495 358.9632585
 325.29437932 490.08870077 149.24735419 258.4744514  217.94711823
 296.23572866 137.50679873 440.60857896 278.17829064 116.95229226
 408.02982046]"
Altos del Limón.,"[335.73314627 445.89721942 190.79311499 468.04845192 306.34124492
 267.6511069  354.52530126 385.83783761 334.21589824 497.74301137
 363.35937337 328.75337077 182.8485456  268.76194709 373.89341936
 127.52761436 401.92176515 251.59098343 262.83892859 323.97952411
 469.97714917 194.57118898 338.07959225 325.93016141 499.51889347
 307.26288807 495.76988287 242.64514443 289.01913093 275.80358626
 432.67002102 412.01080688 143.78527756 441.13002082 162.08307951
 207.32659177]"
Altos del Prado.,"[438.98716224 390.92141113 141.37601846 311.24864739 222.89300962
 312.47483029 142.66139399 223.27236346 482.21663831 494.46122212
 420.94338675 178.57233294 110.03952469 102.00618994 410.82042181
 101.10211408 142.85309398 247.71130482 193.57036899 103.43900132
 112.86570056 141.5102265  435.43994662 227.86396607 428.26498819
 202.5411302  269.58297852 440.15059762 288.40637077 309.38901253
 361.36363813 409.17897781 168.0415388  473.97316856 429.74381987
 369.47219145]"
Andalucía.,"[425.61182349 322.83553759 105.2420677  143.02464831 438.95520321
 400.11475445 112.47966151 390.71278049 403.07402591 380.1031825
 378.18748872 435.65247799 336.85314093 135.71909976 245.60123359
 457.1090547  380.10886572 326.92235497 248.13775155 298.2941973
 451.93972974 492.16668417 372.40032663 265.9602914  141.89148739
 256.99877924 209.86995272 470.83241533 382.79242872 102.59565554
 410.42713838 144.4168727  148.3917404  232.37410321 153.70437523
 297.19303889]"
Buenavista.,"[208.01348168 449.12278384 487.43271825 347.7012438  247.75027686
 415.17604758 136.06169792 186.21889479 370.02586075 130.25501435
 252.19268036 175.93812352 181.66425666 144.42757171 282.70848901
 312.62294307 219.17305007 360.49053113 190.56605088 206.24288141
 441.77022156 448.66313358 425.68585515 420.18614138 382.89848552
 345.04502408 392.5927027  247.75876528 348.31984536 486.24762689
 154.18121865 203.37408283 291.11053845 296.45402155 386.14141695
 476.0360169 ]"
El Castillo I.,"[180.69259413 396.78207793 353.28291666 246.67136379 279.67796051
 400.33949649 440.47064191 336.68499864 148.20784987 374.30747228
 303.46470724 284.50971852 166.08876983 231.02339723 140.67320752
 454.84019847 251.0859644  309.85641539 274.26146891 351.13309915
 313.42080193 201.05776453 164.65099485 323.90082473 186.85369386
 468.60491228 458.44453095 367.39812038 492.14815708 448.92641958
 272.30984919 360.91940333 282.60379533 322.29258424 354.32200919
 456.19235249]"
El Golf.,"[199.27302609 176.1779476  283.02488585 480.26915699 275.1365202
 145.75831497 124.75600428 301.73382757 230.27950523 484.46956551
 127.5753221  257.00618429 441.9248535  149.12413386 379.61838087
 361.6760008  432.11169986 349.00938802 490.81965589 335.74695306
 131.75528335 295.4322704  385.36014679 175.20257564 295.62902843
 482.02280629 157.31314369 392.55350478 218.70543245 383.32970293
 488.33583592 150.67496997 490.24552313 372.72347489 223.69604044
 354.77907542]"
El Limoncito.,"[350.64323096 378.62691691 396.22997298 406.85789702 353.28982742
 207.74291228 399.22622961 243.61260321 441.54687644 156.73674376
 451.13634677 494.65975524 395.75492694 395.19464619 456.46863896
 352.43521049 197.91039829 213.70514762 497.0851886  254.09636695
 489.11432672 355.2189827  358.37961313 413.63299147 328.75608406
 218.24424135 492.00415997 329.2573158  434.14792751 405.21663265
 227.9440889  339.2170978  489.94200003 283.74391613 464.69379082
 474.35794187]"
El Poblado.,"[276.51452642 181.28058317 111.64369905 487.20910042 371.1029685
 251.03058991 470.70687318 470.65984591 477.43480045 375.87348672
 388.41093849 222.42767054 461.47499853 152.11887196 380.55688211
 177.64084345 156.74882181 147.33201653 299.08440868 282.480388
 275.74161208 349.04843665 152.57807714 186.44142867 256.02905112
 437.38790019 443.09591837 100.38660965 175.78169279 388.0689858
 245.06259723 494.526289   251.8919317  272.31332785 191.29894433
 175.43815819]"
Eduardo Santos.,"[129.61262783 215.40658717 112.55478645 160.98363448 381.04048287
 487.79504796 439.85324433 354.74629384 100.57339743 121.75759587
 224.12644105 362.39417661 381.96885605 229.036944   177.9127323
 260.29741633 264.64914762 485.98688466 374.82651309 220.32930837
 225.83692705 212.39567654 261.64488876 209.63068596 248.75204419
 208.98578006 217.21440705 403.07574391 224.5452927  223.8258746
 101.95361093 207.60074079 245.39716934 335.47490144 290.08901594
 322.00190103]"
La Castellana.,"[388.77714333 193.89284381 362.55365215 283.8053706  294.86403248
 294.8138249  339.25072928 220.87752003 355.47733939 263.17086691
 236.32106147 243.92577523 443.66196502 266.90184634 232.21720601
 403.24573803 340.11734995 250.4473026  295.25070857 368.30010289
 444.55742773 246.30322678 417.36063615 122.30214617 418.27396327
 216.69830071 239.84971643 150.20634481 224.67174011 286.29915955
 324.49113464 405.87116048 490.54672037 305.77574976 297.35125708
 351.28937609]"
La Floresta.,"[341.77856664 134.00553476 163.229516   316.88099142 167.43970913
 352.11194879 328.50959453 445.06613027 132.27594957 418.45230228
 452.02815294 277.24008618 130.21577082 396.50666182 427.07961145
 111.41059142 132.20599767 341.34905097 217.80556317 160.40593989
 318.17791459 265.15280773 420.53251043 431.72132512 123.86996859
 157.83152316 422.07468697 247.90245821 389.02109834 335.25993119
 178.27819344 251.97649263 441.20604837 352.44364707 495.5636084
 289.53554935]"
Las Flores.,"[473.62508352 479.22738633 475.79375483 391.48221972 299.21669502
 472.70364671 225.50114922 489.13294919 198.24645353 445.28770757
 491.97148123 225.01019357 366.58909446 201.15062292 394.71178612
 413.72511568 235.55526942 185.87605449 254.79023779 366.46550905
 219.41090173 324.74718475 272.02864456 167.65358308 189.09319327
 248.69266503 310.6458977  239.14628804 290.43687368 449.46220485
 494.66844558 110.22174524 284.89740476 282.11704079 357.21379845
 367.8026077 ]"
Las Tres Avemarías.,"[143.31588052 325.92104113 274.39831353 432.67348479 284.79224988
 325.77933437 187.57592095 173.26233262 120.81627342 425.05993093
 125.55787621 421.28811427 210.43981444 438.13291548 143.53476802
 371.89108693 255.92901122 197.42867728 492.5849017  238.97051871
 472.25282879 151.5415402  187.51394128 249.39280715 233.12159553
 298.57680735 223.07458403 272.88879506 115.68804186 426.13807771
 282.19513905 162.24532157 242.17682311 156.60114533 364.99820229
 184.81199225]"
Miramar.,"[194.15009548 338.55678963 147.95486685 385.70862786 188.32274504
 499.85198736 337.54912079 430.48907695 357.98472159 240.41866486
 316.19703317 174.61189116 420.97412137 134.45404615 275.96461783
 196.71103411 194.03062426 332.05626925 394.19916754 391.61765206
 241.97505543 202.68440086 384.57281118 407.98441871 340.88349301
 299.07894225 358.94468147 241.05037711 142.00179651 339.27968545
 233.96840721 391.70204545 459.16039332 474.31479388 242.83632448
 101.84738202]"
Paraíso.,"[397.16662815 151.98472409 253.74841    266.86597162 205.80430346
 182.90684406 218.39736106 224.12537338 200.14400291 453.94559205
 109.22598563 245.83397483 147.41777402 400.81676441 200.49863205
 132.32795758 208.97591019 169.20394999 242.94551597 229.10812484
 331.35761939 278.15332293 461.10962134 457.55007293 242.41543699
 112.4319772  449.16283478 351.73564915 227.06009772 364.42204142
 126.02542201 284.63910817 235.27035409 425.95374123 423.86951605
 242.04116946]"
Riomar.,"[355.69331884 148.51233199 283.78353713 314.43600959 114.36262738
 313.82703176 102.43373596 472.7021643  335.75498231 231.87896238
 302.99637866 265.28249437 174.6348739  399.90681152 404.36520456
 268.93891873 381.04592506 455.76763492 322.76202646 316.12093149
 446.86973782 366.88933326 489.06925965 172.37196159 334.77478995
 235.92861832 474.8426536  138.2937354  189.51423237 142.79521092
 441.36678919 156.1842887  447.19353789 252.57626743 276.80370515
 446.83079441]"
San Marino.,"[208.51389799 336.49658448 495.37631012 178.25681725 307.07911272
 181.76876861 105.04631596 310.20301543 473.64087338 265.04571522
 255.79963766 432.73957033 230.63341772 261.20933235 473.37832079
 418.17726946 297.88804645 282.54894875 360.23638809 178.61640745
 340.67154928 393.87571019 233.99687256 154.55837788 195.49601553
 405.02774188 280.13528306 498.73464893 112.05094014 245.92489164
 189.18336346 485.38392907 209.48503096 313.32212684 140.48713609
 133.40565191]"
San Salvador.,"[270.48810963 162.18424898 203.46804114 309.56394356 273.87450814
 257.83118724 284.79512075 359.65241761 123.1769911  347.93528839
 112.26641246 216.38618485 240.47921159 424.30395394 281.30981564
 133.02349047 433.88166732 341.53700862 205.29507171 272.1057602
 252.83374842 306.02692991 138.5897698  459.36909029 275.66522467
 157.56442448 209.73979433 210.80519268 465.58007692 213.38615156
 125.34613971 106.90061506 100.70094507 333.06236678 100.33487411
 452.14973822]"
San Vicente.,"[284.69812069 172.5721331  369.39360125 107.65436694 123.94034503
 169.82519111 285.01450475 320.79163086 434.01200804 411.41887658
 140.91172576 393.92164646 159.18120109 170.62351823 343.14645381
 145.70104769 262.10927932 205.81979752 131.54681262 467.86906407
 386.81894695 267.28199765 420.15406769 312.00040536 243.76065853
 372.58095185 471.72903504 476.26070652 432.44959898 436.16782235
 130.29164643 168.84903182 428.6711678  273.08352391 441.75245085
 359.54392792]"
Santa Mónica.,"[236.61216229 128.9705789  473.90992318 109.04752687 376.88876745
 400.6502914  486.5129532  184.17798764 249.17078792 376.78555779
 127.08289314 189.70671037 415.07832105 413.84865468 241.45749869
 267.41840985 463.67662647 196.73315073 187.49034956 339.07052463
 437.77484134 489.53989391 468.95519854 467.58264181 434.79464871
 163.71376933 397.65584894 148.95756378 163.79889622 354.21256933
 108.10361994 325.16723979 327.98026114 114.92166897 424.15924875
 188.71787057]"
Siape.,"[187.13952381 449.6742977  213.44697735 128.96557538 215.85539307
 375.96011446 437.13038294 359.86604474 345.14291844 237.15653811
 196.32341722 370.54997591 234.46427535 325.12314392 322.32444965
 401.87846578 371.58972968 241.21340703 213.30194453 182.44784788
 199.13894765 436.32349712 174.26671177 475.12772469 422.84262141
 466.15860792 446.6990715  483.12052408 113.24226766 441.85708906
 316.53501495 470.34057751 227.35202457 126.16002502 300.32541049
 162.3783914 ]"
Solaire.,"[207.75158795 408.56999651 227.46006587 428.24920115 239.93319032
 124.82932303 425.42148513 272.60625462 400.25948479 286.56724861
 196.99549911 231.79342092 104.74695867 357.29139398 220.24801289
 100.13266545 362.63497339 438.01573716 488.75460185 133.63330931
 237.27352494 192.69337022 145.48156527 165.54738611 427.18091229
 447.06026    234.69513408 301.61821261 360.51487375 133.17135443
 290.11145356 121.02149734 414.92399641 284.00069042 254.90628562
 120.19274878]"
Urbanización Eduardo santos la playa.,"[233.01278307 422.36853184 183.2503486  294.50220171 415.29981027
 494.39418354 406.33874603 310.29524691 302.82681954 130.77613016
 305.95843399 147.40062337 101.65741707 299.51915166 119.8870507
 143.19293791 446.31374002 444.99785488 446.8426205  282.75661947
 328.1552484  272.0736275  217.95703723 447.94128756 268.31870809
 114.31770003 371.03343943 382.17220512 359.51743974 238.87017551
 100.52170123 401.15735721 159.67122267 277.33360135 303.85074444
 292.4575776 ]"
Villa Campestre.,"[385.22508408 168.6111895  492.06300595 440.69023765 284.02226112
 279.29665315 261.88405968 479.91502989 336.75991582 175.95056018
 205.45954073 210.33961696 272.34412286 285.96741655 281.58693508
 338.58769488 497.22316516 121.35371208 417.69803492 195.10821288
 496.44964361 231.25095585 216.85104665 211.79381302 174.53093388
 464.86550217 395.72635926 198.83361871 470.03594123 153.8578615
 270.11165732 305.55709769 324.32201584 442.2000248  143.40684965
 336.77739119]"
Villa Carolina.,"[288.70288446 212.34513834 401.04890424 200.99629414 351.03380115
 255.97037228 307.29972499 296.99911047 141.86961128 380.95034087
 408.1070368  386.54540487 358.89290955 224.47145011 284.91084266
 303.3059705  122.67161624 332.35828512 439.44635156 401.85982317
 278.45089272 151.2490653  459.25252417 467.00816489 369.76647245
 154.20320296 206.22916569 202.61146103 478.24263262 252.80954205
 176.45994416 102.63351342 418.63885482 375.68259301 480.01138159
 481.89803738]"
Villa del Este.,"[374.7210587  478.70572576 466.34842096 302.6556543  241.41601865
 426.20297199 173.30423508 136.40224068 203.35825207 291.48017428
 432.88780981 236.39039821 326.03717636 357.74559664 416.65572813
 256.51375209 170.79868368 248.67863631 295.86202836 456.29854645
 313.79625028 307.9605553  416.94804739 352.77310282 201.2025667
 208.79947446 267.88687655 311.7356933  278.2048866  410.36787399
 496.6837445  412.89523453 303.24407816 314.97014786 381.15572476
 289.96184074]"
Villa Santos.,"[444.93047959 435.421752   456.7367162  207.0353195  443.98849831
 421.47379955 481.42032059 265.20105758 179.45762052 224.44900214
 137.77755266 271.4977254  113.26507588 128.4199097  106.35239939
 349.01992211 377.17948432 115.79116083 412.51086183 134.4285966
 376.71755377 242.44565471 123.27868808 391.97187365 316.11606707
 149.62814333 174.63381576 386.97588249 102.63181599 414.24647651
 455.18479386 184.20360384 251.4907922  376.34375341 125.91639834
 402.23408525]"
Villamar.,"[206.475576   125.90911842 457.12436608 287.67162627 278.51979757
 344.6639665  295.70644456 354.49193015 445.58813941 318.9368051
 274.07718208 444.42850604 426.30526336 399.3994627  326.92360404
 390.93655885 221.98803748 424.54136968 181.87531    474.59260161
 128.94059405 245.72859287 391.40094412 206.33746822 141.10455024
 215.23291206 469.40911687 277.04658371 308.87342754 450.97071921
 418.98300321 450.91272523 231.95500576 155.30952041 186.60190372
 105.89321747]"
Villas del Puerto.,"[290.65507935 489.47681079 329.3698405  461.97385829 409.47611463
 326.65516557 463.34306979 368.23676227 385.31808271 336.82665479
 293.70482854 253.44641035 113.70710767 138.56336756 366.50312338
 478.40002837 409.57318866 195.68714134 151.8127921  130.97642988
 447.35030977 138.04862782 405.34280076 331.94800994 350.00701539
 218.04580988 431.6339765  469.53952643 418.13257156 427.92102859
 177.76016849 411.97133792 452.91158246 272.33450317 111.74693441
 475.92566353]"
América.,"[328.28997858 448.75865514 371.56970227 175.23038867 305.02621237
 440.58395071 464.68587146 186.33870983 136.91626586 171.98283429
 323.78819437 487.84292351 461.23865597 202.99067049 471.1680409
 383.36979347 273.52365311 136.3297312  467.19226773 403.5799141
 187.49719798 361.71131216 496.17966087 116.64653578 139.64399407
 460.14982468 486.09191722 308.58685357 278.41443272 126.48527934
 152.399566   395.70871086 402.12642579 313.78634016 417.16506555
 103.36948204]"
Barlovento.,"[215.96602225 446.90058512 283.881911   139.77106112 442.59593298
 144.23147847 264.12703976 273.76572675 375.64044229 311.75368208
 431.03897521 424.15830965 160.82415934 484.07719896 146.93672031
 366.04967096 366.58269616 262.39196881 206.92023257 231.4629578
 293.92114199 288.76061858 393.04858835 317.39215231 319.14310392
 378.97900295 269.51801081 158.08515493 451.72442383 426.8615823
 274.58286016 455.01145167 184.00022386 110.06648194 158.20131217
 401.13529232]"
Barranquillita.,"[379.19668355 388.99224763 157.29511935 149.03594807 487.85144145
 194.27022616 109.73438805 191.75629554 214.46296793 210.88039276
 171.28398897 374.83904702 210.9879328  277.70313726 118.08744636
 306.40290734 396.17473832 203.84635618 100.26564201 412.30699353
 348.54995103 316.92316858 351.64646631 281.0896246  420.20383592
 193.03048814 342.91341878 238.31794952 335.39518851 195.8178003
 490.02478837 220.66129532 494.3339003  306.18802918 312.40396684
 143.27395414]"
Barrio Abajo.,"[241.71153686 279.75407853 485.84616176 172.97478886 207.53292414
 404.39556042 305.91602395 223.45171734 494.65014504 393.38164929
 297.22516129 370.43491173 448.58686018 491.47878663 308.05735051
 210.3098638  464.55607602 177.69913707 335.73766208 192.80554678
 423.06534536 341.06843948 156.46698738 493.20347509 342.52812466
 390.50397734 198.67948004 300.1747649  309.69388725 336.48989277
 301.78914459 203.81362592 338.06142411 378.75084315 203.62887899
 275.26506513]"
Bellavista.,"[113.15425077 131.3297038  355.50487319 119.17508225 274.16496794
 375.11634526 271.34698526 271.54550139 411.13671626 266.39274029
 125.43033704 329.17721244 322.92615615 118.03554259 246.33571262
 449.93059977 219.19996175 307.73814742 227.64070832 100.84251565
 164.26943085 113.22800015 478.28324072 287.7448892  357.79547625
 432.46395727 363.06955892 120.19764988 475.31584587 206.39475661
 451.70974966 214.21234086 438.45806896 487.87007285 414.51170557
 263.62925312]"
Betania.,"[383.21100193 457.44149125 233.73644036 206.64934138 329.46941352
 100.22390163 434.84376813 128.04724413 256.91393559 418.30109333
 321.85625173 499.39866707 276.01035883 480.09765983 450.41791664
 186.97418075 298.30640627 452.96345791 310.62140108 153.65868288
 473.68374833 390.81620542 245.53435517 130.3778457  227.67368046
 143.47703781 481.73762837 378.38726331 206.26353371 274.94285546
 114.0199418  409.58923372 380.72278682 254.93655529 409.40719247
 112.47026856]"
Boston.,"[201.83690764 438.13343401 118.21895957 310.12403382 271.74045269
 495.28144873 145.30332949 260.53387266 276.95117502 369.91428258
 415.58072971 419.12937997 406.82743699 463.00908509 329.90798645
 247.89753987 438.57304481 344.10899446 195.88647746 416.35969736
 490.76077765 123.61236894 133.69295505 213.99378152 110.69712947
 156.43645912 410.92808334 325.7910481  271.06704779 245.13768781
 158.75126081 496.42892222 184.81890197 177.14522797 412.50137652
 301.96852894]"
Campo Alegre.,"[165.33483453 189.17654558 130.75261494 420.30173699 185.25839667
 278.17539402 304.56022486 215.83745698 396.31270339 357.27786152
 423.71560572 382.26054725 285.93732274 471.52580095 310.54787814
 210.93803289 197.86876502 495.49951678 484.32368704 367.37941431
 395.12959477 376.86398019 339.5442437  480.6977232  301.38004306
 363.89741903 488.03991272 212.53009645 321.91642277 158.36093963
 209.26178522 220.50543786 292.09005542 463.44855404 316.39653459
 430.37570897]"
Centro.,"[403.09051548 332.00379055 247.19822505 346.20763855 400.81506464
 418.49808422 120.94653356 239.36004787 407.5670954  192.63610262
 185.61777932 154.64205672 476.78546275 232.85010649 220.3749548
 146.08654762 303.27636786 438.32113289 339.30758525 470.91311565
 155.06934544 398.85555878 447.56930025 108.43605579 189.11830863
 440.56944262 368.36169603 422.63085996 284.76224524 408.41005595
 218.76993437 258.72891585 355.16941253 367.85692217 421.51266342
 428.65344372]"
Ciudad Jardín.,"[271.24348397 477.34932429 454.71797156 345.6393763  129.15789818
 363.61640554 127.4602115  335.42152923 406.03709709 185.53151592
 210.84614191 281.87754134 301.43905189 156.24039842 191.91425624
 255.42485208 272.35138673 441.5636794  203.7148277  399.41275894
 318.33280269 306.94797793 317.48722345 291.95090663 463.02809209
 218.90967587 166.02829845 318.5676136  231.82340111 396.86522602
 177.7027439  149.078444   198.36096402 315.96536643 312.34270859
 189.57623829]"
Colombia.,"[275.18622855 156.40647218 128.63948695 165.02339453 493.4493748
 292.03146142 153.43331226 160.74869019 164.33160858 481.91849984
 374.73001385 109.53268601 350.05500459 183.14009458 233.86370961
 259.46518765 164.17105669 343.75264358 133.59190525 282.67823996
 366.50684052 467.87249906 140.5963178  176.92345313 495.05815097
 379.27400714 398.37344293 433.94939457 385.32923138 192.0658519
 246.73543114 496.68060275 475.0980859  227.90570527 296.38639763
 249.78691529]"
El Boliche.,"[390.94746292 288.56914799 339.22776525 188.38724718 258.69871156
 212.94103406 472.01436058 458.5007469  417.45905203 410.30389734
 155.61441822 109.12015195 394.33685374 325.87089328 483.63929389
 135.57558271 301.87460609 294.79827414 133.23833085 216.50633121
 434.34299205 161.40356943 369.32163933 272.52435741 216.63445974
 282.37975662 170.82880479 425.01805958 366.96318983 271.61554601
 281.31886158 494.29218613 193.12220616 172.12762619 472.75035165
 163.78182144]"
El Castillo.,"[303.10408526 208.11455693 145.51051314 441.99515126 107.38669428
 146.31868784 412.12816882 350.58680183 486.97300937 227.96825915
 153.64150998 482.92444872 277.85701582 499.82588736 308.91562163
 343.89038484 367.84790984 258.02494305 156.50203016 400.14171463
 426.94201973 315.1513456  226.12747092 479.10629973 289.83376831
 101.36621058 102.6971099  277.64930835 155.946826   192.35809143
 152.17757666 107.36311445 418.82580077 388.38213973 114.5023989
 250.99747534]"
El Porvenir.,"[363.64311965 127.7251166  128.56054803 155.18773196 372.62101016
 224.01461618 417.09265757 348.35594215 450.20717832 130.72830181
 179.07490831 402.52279037 429.86799939 197.69126568 241.51035348
 474.41708409 441.76922581 279.42426918 436.12139744 432.16436091
 482.21984915 353.81190333 112.8629204  464.74138761 484.59547961
 209.21925282 255.06018375 344.69628657 350.83988861 410.56849241
 313.32167943 169.94316212 100.31292388 147.2854418  190.24794434
 453.37092678]"
El Prado.,"[101.28453631 221.76344869 438.56450292 414.8181277  129.03227596
 339.53971153 362.99796778 428.95124333 333.23403856 162.2323055
 217.9332631  313.76667622 273.87315577 423.67975039 432.30928734
 114.5751391  348.21437538 373.61138777 163.36353791 448.60995527
 442.41266124 402.23935098 470.89352987 198.79433226 127.95546975
 211.09664512 351.02949919 394.87210941 107.53288635 289.14144858
 190.88243337 339.95464723 310.89596541 150.83777739 275.90060501
 221.96492998]"
El Recreo.,"[372.36568444 267.73902135 195.33167481 239.70268297 338.64723759
 280.52827213 398.56865533 256.81478698 286.14844449 336.86155854
 275.73698861 436.3313842  355.87922554 456.23461609 185.69284315
 431.43129237 177.21676013 471.479824   414.87019205 466.04231482
 245.58625991 405.90842582 234.37664297 169.88379875 373.18562997
 452.55330201 248.79783599 145.54121195 126.17371536 103.30942806
 118.56064194 390.14333896 176.288985   318.94869913 435.97331977
 461.33406473]"
El Rosario.,"[415.75414204 219.47311707 305.94370562 434.90376403 147.86225053
 247.1532252  342.13775659 449.21257644 253.84234108 251.29533583
 129.78247151 426.58903317 113.02515183 269.78867452 419.54770351
 215.89944794 363.31055722 391.55555446 277.46865008 395.08699559
 435.74329444 294.61826355 213.21684266 430.32789747 173.70597667
 154.48516433 482.4059327  230.89929576 137.62701753 445.99675829
 257.83597887 492.95657146 238.27345426 353.73799836 238.92316347
 216.62239426]"
El Tabor.,"[136.43692492 411.37935086 301.9731402  242.26587991 164.34420766
 418.54418349 356.8291854  306.5005941  286.13787971 341.10796568
 315.64503068 184.78971371 151.08980892 204.26979381 221.97098471
 361.31337623 497.26657026 361.23540175 266.93632988 155.24928796
 417.37279854 226.86621302 434.86024849 474.55713603 172.43937399
 480.64519051 486.50974727 308.01518974 160.92643043 218.58016033
 182.49515145 318.496418   169.40250339 444.37201324 418.0058904
 358.93627713]"
Granadillo.,"[493.94454648 262.20768767 119.048593   404.80179856 353.98413975
 411.8858661  200.31806835 184.65263007 336.43757208 499.69305509
 299.75896748 166.26198341 151.3330535  247.18263095 345.92378831
 318.40940695 342.64071852 407.15610253 155.57246917 494.37745533
 444.51190344 435.73533584 395.91857661 146.26807769 240.75953002
 464.52464639 397.55244664 405.73580194 318.4154477  256.86012835
 333.13824983 189.37556029 456.99667194 232.12877944 324.36519157
 458.67399591]"
Zona Industrial Vía 40.,"[467.92780069 455.15520761 291.78118798 127.88031841 386.94173026
 287.72578939 223.1880141  283.81177199 354.19180453 207.50207761
 458.6276946  476.31036178 476.61322924 466.21984029 311.24900995
 476.50471761 453.42503555 453.18783994 215.08669004 240.38798816
 146.23227787 227.2414787  326.8382134  322.27059454 203.59520202
 210.7562455  420.9878913  254.6005999  253.47139694 190.71181366
 135.48978511 407.13124918 387.06763416 485.4623191  142.96350422
 314.19129141]"
La Bendición de Dios.,"[261.6864933  296.7405084  222.76906678 265.76231723 143.40391787
 357.62752026 374.68938869 254.69333635 318.21240932 146.92482124
 416.55790293 199.83924164 491.97176603 268.09713328 269.95818631
 181.39492594 377.26402033 396.20845729 460.36578732 391.27116964
 484.42316466 161.83469681 132.91012557 274.67443235 239.20886089
 290.55580541 359.97009381 447.67666596 122.54979472 228.03443705
 445.56779485 359.30430595 246.02925215 132.94503407 334.70061594
 208.60040885]"
La Campiña.,"[134.77669778 381.17434819 416.01344498 226.32879794 472.0900409
 290.66155024 426.97763676 260.06621299 199.64224863 236.6713463
 383.47680307 383.02433979 316.33545438 385.04565841 255.78839765
 324.89273413 153.08239515 182.36614769 115.95362351 321.20728754
 175.47871044 474.62268593 339.97665877 450.29028332 204.46855624
 344.81616168 442.82838795 360.62866017 438.64527321 382.76770364
 195.92073664 464.01584349 238.82868625 440.69688182 353.44681223
 426.27490241]"
La Concepción.,"[205.09106903 124.45074189 151.67185924 162.26888096 286.65370839
 373.94166408 273.94893595 147.31968568 346.02333056 179.95911219
 475.94557323 348.92054196 376.35513138 196.03960335 339.13346858
 350.56285433 242.9869654  263.64012375 312.98910738 387.81624346
 294.95039195 270.25276032 297.33083105 328.47513877 241.12507971
 482.06587156 146.26985375 252.61260637 374.83684921 428.28271307
 213.29579797 425.94881549 401.20661162 447.81719059 441.92900681
 230.64538082]"
La Cumbre.,"[138.164234   228.13077279 259.917833   449.96174335 490.85656658
 222.94992285 177.7584057  429.28607291 361.45937631 317.82738465
 107.9693376  162.40937965 279.72706747 303.56374403 183.19496411
 346.63634439 228.30687621 139.1116223  372.07906839 195.60058924
 300.21389453 462.22808446 469.86592453 467.28394659 409.26310613
 342.83908251 169.98940531 193.43261086 269.15617422 192.24140358
 439.46920297 335.93500432 467.98598918 361.96292387 375.62321488
 310.77704342]"
La Felicidad.,"[224.00456692 372.94051213 429.12503435 371.81071992 129.67523068
 182.17008705 160.30984061 481.12908475 184.07899545 358.15614759
 145.34611628 134.28880541 266.3922232  102.98811982 314.66609922
 223.52298542 333.69098147 380.97055155 219.47969241 372.76634529
 272.38528243 421.05174023 311.02601707 412.19597255 190.69416657
 339.9291866  155.04368584 274.60550148 255.15115772 356.06830826
 220.65250329 357.40862048 223.38564238 208.70716612 227.9170024
 463.27756236]"
La Loma.,"[232.84690032 214.36688118 352.55068188 325.8961378  234.49584389
 454.01056338 164.55971192 492.9540935  430.43577178 353.75662133
 297.59054813 389.2112127  271.46723484 336.77647182 270.14341907
 303.3670585  227.07243035 372.26276577 167.49763448 249.91924853
 236.12960287 292.43783076 210.9771273  357.58931393 391.82559612
 454.83448777 496.90057971 216.99326446 193.86010779 379.41859198
 188.17846536 178.46284924 493.97921055 165.80148905 417.84713127
 401.73626066]"
Las Colinas.,"[390.35055824 461.01473535 305.99830848 291.55318057 331.15940093
 472.54547735 373.20814633 195.23114646 132.10842015 488.8650823
 105.49515245 468.50228707 403.12736606 317.83067638 282.28370562
 324.2410639  459.52066317 177.51006168 110.80611899 484.72846588
 491.72064229 494.49046225 195.5005154  263.57860166 141.87990928
 198.61843806 430.2774455  281.6671255  382.04910172 469.48527093
 457.08160105 433.20321229 434.55830911 435.57334851 175.67273194
 407.36659747]"
Las Delicias.,"[228.36134118 466.04614322 268.97573431 122.48156674 483.07080043
 388.66983781 395.01478202 264.08480695 135.14311057 491.04076108
 453.4614695  265.68595304 331.85865623 196.05904261 100.01206221
 438.22665387 148.81111797 349.83647679 161.78382954 200.78815713
 323.76025679 132.55227432 212.3071512  280.23094877 403.24773061
 451.49463607 364.99800336 370.25043038 432.92317366 419.24325908
 374.08817832 117.02256166 150.05368801 434.39675873 491.22777552
 477.95723132]"
Las Mercedes.,"[311.95013991 478.55514946 440.00944592 474.8317606  262.85890895
 360.33205498 351.0961798  206.24178717 183.15731324 458.23105387
 486.10318577 110.87921705 431.90086141 495.96885053 203.9837931
 462.79380423 427.23866213 126.71490519 311.37447198 392.71195202
 442.13062042 126.80643382 289.7188591  289.59185808 397.78090604
 157.6834728  423.10691535 476.52941379 491.43436011 212.84926174
 380.08274226 461.86938593 418.58078078 151.41656788 188.85904741
 236.5319858 ]"
Los Alpes.,"[459.14299864 328.48859422 324.73343001 326.80062459 451.82223381
 348.23199968 185.44238113 425.90177685 383.97292372 356.80518518
 119.90457671 499.8297802  498.37850084 343.19530527 354.19750671
 139.28544969 233.79469258 308.60942265 437.36559655 439.55510454
 197.85560747 159.66711071 495.81036169 270.15009906 486.45467621
 259.50936794 115.1676422  192.33777429 385.1890311  457.44714182
 319.54232355 378.13474049 161.68694929 346.82589072 119.62903886
 208.56330065]"
Los Jobos.,"[456.95764174 205.19222111 318.49892427 485.2075596  152.95030398
 114.03502008 107.56622489 145.37342843 320.34104209 413.83850728
 149.25110213 282.1529435  446.93521405 380.74066607 290.32862689
 214.24337942 499.27764498 104.45964236 279.94944415 443.37227472
 179.45935091 147.79607541 438.15775112 487.35930424 202.48854842
 101.16735893 122.05252155 145.29431016 155.48378669 269.27218462
 306.08181444 408.94846984 142.2170652  252.21351162 310.70212997
 211.80427045]"
Los Nogales.,"[125.14875532 490.99424761 218.66922723 100.77565884 477.18388331
 335.4182795  423.75974193 292.55871814 438.12046598 130.33710457
 226.15871326 498.40277716 229.11500525 296.798954   335.67792494
 499.30479391 126.54671372 361.50339935 294.88329517 188.11023661
 434.91298595 163.80889408 385.42134178 325.89178095 352.62152148
 172.87685324 188.61037573 102.32294699 427.31378124 157.15683214
 340.15193803 292.66232741 144.18166442 404.27107706 260.62809494
 387.23436976]"
Miramar.,"[438.92981258 180.70758726 147.36496961 480.89420313 213.80868451
 344.84416332 263.69331337 104.22335392 247.86828094 373.77002543
 338.54088269 214.28616033 191.25888976 259.3896295  351.01836364
 101.74855649 479.77264839 275.71623988 304.29219949 204.06195138
 323.23859207 494.53352733 463.46304893 414.29570666 329.95384133
 425.77065428 393.02990324 459.01502213 144.45921256 274.4000788
 410.60124367 171.27237838 485.0176012  255.29693169 444.14166254
 347.79828196]"
Modelo.,"[439.91590756 346.02476936 227.98494339 253.76299985 380.72487249
 190.7453201  427.84778358 489.77378979 416.14353027 234.43349742
 412.66082831 338.27973373 290.66153886 160.67660935 157.20570191
 283.42930407 342.15756278 441.82629734 162.89377998 481.06117369
 343.89550052 424.04961933 363.28588159 244.84886708 370.32736678
 461.98102406 190.39824931 452.10516816 378.0129544  258.00465128
 411.62119858 250.42002198 463.64373374 315.15659021 485.27900222
 415.1793791 ]"
Montecristo.,"[250.67981633 196.18914708 395.88140146 304.68180684 259.40644909
 441.55232    196.06142881 245.66033726 417.8040763  329.04362841
 295.83231889 372.98951965 248.39185551 207.70875749 283.38454849
 396.88995512 118.84570842 425.44482112 341.86868498 229.93230662
 184.84433494 104.61627942 374.71004016 395.59818188 309.70737009
 359.25994191 357.94244315 196.31278822 341.01186579 373.85053709
 343.21559908 156.88796188 451.45531265 356.78585303 350.58151767
 257.3595871 ]"
Nuevo Horizonte.,"[312.50663477 334.77747232 218.018622   114.40234796 424.12141667
 362.41313307 269.36834157 475.22550848 431.52663716 424.98789523
 223.30456708 408.28609008 423.42095734 435.76141665 401.06285209
 164.26769219 373.57541413 315.60096393 413.64592968 451.07530162
 264.58708538 449.66863242 456.92188083 185.09340188 307.80051652
 435.41687424 216.63847539 161.76243455 158.09418343 476.93994907
 249.42747605 181.58181877 464.05240938 411.28912922 398.45371173
 454.61813019]"
Paraíso.,"[305.1135925  388.15928798 173.35806658 443.87585685 494.73738175
 379.21969358 315.1279509  404.95449133 326.84378955 374.00263754
 348.95775108 190.42572723 208.21444471 327.26464807 228.18124001
 233.10753863 294.34545274 414.51163549 362.19756307 353.32222326
 371.45235924 132.83358818 224.79873122 352.82021119 261.06661667
 452.86301607 248.91557188 171.80232405 233.60551567 137.63593491
 309.53445347 389.28445794 139.25736638 459.75962169 377.63074475
 379.47284207]"
Parque Rosado.,"[268.83575095 434.46237259 185.68859957 478.6217364  202.67712816
 484.86215853 121.52231451 129.77019221 246.54059841 393.62762282
 291.19263719 148.15343459 164.26967484 423.96080827 213.00886046
 239.7744037  113.11475455 291.8533098  370.5492488  121.91578987
 484.01660133 349.64317862 167.42875696 241.86742942 333.51108588
 499.124631   109.96109998 393.73722329 427.42532834 291.48849823
 239.98740272 346.67253594 327.85143045 249.5966553  270.45964753
 464.42993568]"
San Francisco.,"[446.39519813 481.82483209 207.79610643 351.15446299 370.9238333
 184.5807178  427.39073946 353.69183682 164.15584309 230.49508328
 369.8055363  496.55395306 367.60195624 297.0253847  483.84469025
 307.57960645 383.7644703  277.4813488  232.66875005 110.43546149
 268.55197118 224.91644246 425.22670191 379.68083035 102.85804257
 333.95259424 222.32348616 323.86557426 388.2723297  424.29826799
 220.72282686 237.98564444 388.9741289  108.43392646 275.42679893
 305.94938791]"
Santa Ana.,"[339.45765899 107.38462449 165.32286268 184.65749841 228.50528898
 375.16186438 310.05993422 148.81441113 248.77106968 471.62809857
 323.3473229  252.10569435 270.80384278 260.51871971 430.25468976
 149.09211724 486.83739309 143.91351165 123.56019    280.86143456
 189.14018006 169.93007948 231.88259245 213.60463251 457.63830381
 142.04700021 232.57194405 242.87331296 303.19465178 271.56729742
 427.84851767 103.06286187 343.14915096 356.68264723 467.68726159
 143.40481072]"
Villa Country.,"[273.27364298 421.84011578 197.19881129 186.83236033 453.64363049
 190.90673035 296.64957032 196.41239235 368.33354844 388.73592359
 430.28324154 244.52415491 373.67824502 209.88409956 320.37955137
 380.96576526 347.01480416 459.17500317 101.45659557 227.23892578
 335.88377769 292.51318825 183.7169594  135.91362496 168.52866473
 187.80705238 287.56344105 196.54301482 186.57840631 111.73689913
 355.62285552 161.79449174 119.29698482 270.19427097 333.06075934
 444.53934881]"
Villa Tarel.,"[259.99576609 204.96958363 382.70539063 371.69691409 422.20030797
 467.63620434 238.0034258  161.69418592 316.72431428 404.95772096
 237.04509348 266.02093098 129.60930327 164.71723995 273.13490501
 446.05216076 386.42109458 433.63947335 444.98888727 230.20948796
 329.67601484 226.90598548 178.20765299 156.98124394 464.62562861
 321.79469067 108.7211198  206.8726761  338.14151697 313.19777166
 460.21697831 395.00674433 377.11133614 299.17046417 460.83998002
 279.19089846]"
Villanueva.,"[348.99292048 283.03558428 483.92953555 410.12389577 255.16652184
 188.50915032 124.91274408 206.32221713 178.05543205 396.72607239
 210.37665979 351.03393086 377.44423994 229.80241444 413.9996348
 174.28969597 241.51454999 456.33600622 307.51976753 108.80919179
 238.10062819 463.93214283 158.50074531 469.9476972  421.72572634
 202.65653637 408.00366108 428.23797546 165.6043327  376.49576964
 235.24541084 113.63372383 106.60079109 344.68168075 116.09620881
 193.51262202]"
7 de Abril.,"[209.57152914 183.41697821 397.17861573 269.21526258 390.26539671
 420.06140272 490.73552492 308.52624388 221.86280782 231.313985
 142.23164355 270.09958489 386.31419116 197.30278866 356.33069361
 231.75232885 116.45872401 151.84760949 341.44668103 342.83221582
 364.43246194 335.97061364 369.81051656 242.0774042  291.96661475
 303.90576533 258.4326313  405.15562074 306.07518815 154.03672056
 219.84122701 314.67395929 218.69290558 493.73475698 352.73620434
 352.3302935 ]"
20 de Julio.,"[333.568833   154.95709393 440.29039224 493.64874254 423.43054727
 162.04226918 364.75253807 414.13105557 327.42346747 421.10900559
 101.25991071 305.72991978 117.35548179 362.36764572 388.69887047
 203.4156209  165.04683068 441.26713236 423.17504533 310.45719295
 369.01389204 220.10410029 315.15101246 478.12101612 277.91889228
 356.06924354 494.76946905 150.34199666 155.18554054 159.7322831
 191.00735929 114.0360536  381.7352161  224.92569274 173.53529377
 205.26279005]"
Buenos Aires.,"[207.51053361 223.96837956 479.73999223 495.0413564  348.6475207
 320.68426405 204.05981783 461.63589493 277.79386389 498.67656652
 262.07695969 117.39134932 399.19942638 226.88685688 274.46913909
 494.27653317 258.20784254 454.88440235 377.19592329 386.27051708
 131.01690976 362.25053347 262.7255575  143.10110131 251.82246217
 332.15090824 413.18961584 498.88945573 332.64378696 163.86681072
 157.78955851 379.42317309 237.22029462 116.84756913 358.57341088
 301.70072959]"
Carrizal.,"[217.31574128 163.48818536 419.57287657 150.15510841 286.06908423
 226.7679218  238.83625813 304.88590692 442.64785729 406.18599747
 380.82345888 190.20547056 336.75505615 223.99322679 134.29760806
 333.20843977 314.06603133 305.21154048 142.49285109 396.3643558
 491.7700569  284.86309145 112.22576265 354.34361482 206.03752713
 165.42476304 368.40833585 340.76601834 397.12267384 365.57710772
 186.35707925 261.16435098 408.57739098 411.97010448 141.18569203
 220.0013614 ]"
Cevillar.,"[461.86614555 206.21780365 347.43350103 158.32401686 232.7682316
 482.78710021 442.39642398 354.48681446 474.64526807 378.59460771
 456.7431975  455.84532403 453.19442952 100.06238548 494.29040906
 215.43962367 355.44760839 110.98396238 154.45295889 404.74323682
 457.26693563 472.69511592 247.95531176 133.15779304 442.93894182
 240.37251269 415.93498859 267.01961133 498.24083599 125.05464831
 301.46560996 431.34105805 458.51791249 338.40647776 192.29255009
 367.49557707]"
Ciudadela 20 de Julio.,"[115.22031488 347.71999208 390.00634942 141.96892697 396.14645091
 217.34653107 228.09206516 265.65345919 332.93810177 396.31810089
 189.38983671 479.68750924 332.92631113 198.45620423 445.75144332
 316.22160093 202.67017996 277.77621849 199.83805093 443.36259631
 111.82329918 370.43508364 243.40862194 150.36622804 134.64450663
 203.40187642 224.54683739 111.98206348 363.93385987 226.99625785
 361.09622258 270.78677113 267.5633455  371.23079189 192.83608888
 186.97079146]"
El Santuario.,"[276.25856485 351.83204966 353.24532839 346.80739776 191.34559473
 361.60247201 101.92181056 450.38895401 347.60952936 493.35237535
 194.81866983 156.69380828 146.17330924 361.59783334 344.08713106
 478.09660789 498.36650271 396.37564318 427.67822699 362.99913195
 227.53865417 158.31832753 304.32461903 440.36866471 212.35996005
 446.35621147 425.15257276 201.4600053  288.489678   103.41900206
 429.79038512 337.69291152 266.43541086 442.90578129 146.17243294
 134.81115165]"
Kennedy.,"[443.25977942 197.49213545 305.57819202 429.95510922 221.46064455
 314.45194118 408.67418383 175.13836272 109.55706699 234.39157769
 262.46616636 332.94292397 456.14252107 281.17878697 172.62195644
 237.56873582 490.96841654 408.0318669  417.18447516 495.44918787
 314.46888761 137.32693208 242.12108559 158.51725805 188.32849618
 265.21252166 427.47767135 394.36600518 471.29278174 454.22274696
 117.28968274 197.9001002  425.85708733 359.68162039 211.49229383
 284.98504264]"
La Sierra.,"[326.1095846  134.99063759 287.11650082 346.21585977 211.5800087
 243.88090806 391.22546073 458.11003111 132.12459326 276.70958299
 439.91397368 413.90919938 198.33836528 212.77250508 407.30906384
 365.92528467 112.39567347 294.07422911 337.76774241 430.92869222
 133.53044712 432.44238736 352.01068794 355.88808067 242.38695936
 470.86974602 149.07501547 344.46023612 242.96112112 322.25598905
 369.62807035 483.27089552 295.59791349 157.67175623 175.75598995
 270.83031177]"
La Sierrita.,"[323.38432954 230.4627067  283.0401905  445.80904855 339.28947841
 354.98227817 386.95726078 115.5928996  146.83349611 431.70307653
 242.74534706 236.79667495 397.12757849 202.10673044 477.11899476
 331.79428752 111.88976704 475.55005893 210.14406989 122.31506983
 220.34994037 456.74809212 288.21493724 439.75623793 114.44280119
 140.69271963 232.53033355 351.80935463 239.32751686 280.36899357
 104.54555943 413.5719342  248.39851959 475.02545184 431.96774286
 460.89799992]"
La Victoria.,"[372.61899141 158.7873795  450.69492192 332.85220293 337.2958173
 392.77199299 485.71220004 220.66008226 210.96292377 391.09802898
 435.78045168 221.89306155 470.49103875 453.24937811 440.48368616
 462.3149226  475.22960457 396.37811423 425.7352339  167.21109967
 354.43176945 412.44234047 473.98618408 313.59269377 124.57704091
 430.74110204 245.31332107 102.39884434 230.7309531  189.39855133
 295.57869277 218.78849909 369.58171471 125.42264651 259.01950635
 406.42139289]"
Las Américas.,"[188.5033883  316.31087402 269.33249981 176.65633739 263.40718697
 409.70450044 161.85344991 151.14049035 206.75455274 415.06399134
 335.8644311  227.29451972 298.32048001 336.65407254 385.68421418
 411.04144242 249.80877763 173.13862864 215.08076559 134.36992394
 239.98324663 400.34643248 346.4266038  470.0947345  298.65036172
 125.74809475 415.24404312 230.20347515 167.22479147 485.40443908
 194.75757477 368.12645214 489.79276578 495.87925122 105.18143548
 292.33695391]"
Las Cayenas.,"[242.60980083 135.62217459 372.14960959 232.93176684 224.4678371
 238.28792141 381.82675755 371.46757187 251.38699673 282.86666344
 492.66651117 354.90630767 203.4380999  412.0798752  208.14107083
 210.52568547 394.22661896 138.50389434 170.02398938 151.50543659
 315.60276492 404.77310636 364.8441102  443.46340019 427.30001319
 233.93876911 384.5637722  234.90805759 121.44286363 148.4933895
 196.07421559 471.39578451 443.06165737 458.8363692  136.13195034
 382.70859634]"
Las Gardenias.,"[358.19958277 341.44109805 149.34930023 472.62207996 130.61026927
 306.17856215 394.83335053 191.95175373 302.95323003 414.97605471
 462.14399692 108.17561413 224.89425375 398.99543172 276.28607031
 163.2691681  104.86160859 363.42611616 221.87848859 137.21250524
 378.43708227 250.31375584 210.8280291  314.68713246 172.19869058
 166.71665847 211.65952842 381.2366364  301.21660021 225.79611662
 133.58184111 329.9188486  323.3221588  133.28660467 221.52135861
 227.21662549]"
Las Granjas.,"[451.64784195 258.94287534 488.75386194 267.02115768 149.14575646
 348.39610524 114.85768332 374.79129812 333.08446643 415.42903481
 443.85694121 450.05550217 289.75708293 257.38057813 199.30324337
 451.87750964 387.2956223  145.49482853 291.77100846 245.97456648
 211.01134996 370.21439414 326.47627983 274.96832735 458.71135143
 388.26375087 427.32085298 470.29094098 278.48277344 418.01280768
 318.1161259  292.46454974 102.10500778 162.50326854 315.13902413
 247.59373896]"
Los Continentes.,"[385.86742772 219.70757948 362.565488   202.84166113 438.58222558
 311.60778701 195.54085862 273.66615775 220.73558447 203.4450041
 388.22153447 152.85963703 348.07725449 370.32121552 388.88820359
 131.42290802 263.0757736  202.5571958  200.33031379 135.35272577
 123.73522822 204.94360559 126.69002977 318.95984026 392.71564274
 275.05507385 341.68548324 476.77866726 154.85185466 298.50582425
 226.3407243  441.23406669 498.8467035  290.64385869 137.42619135
 418.82715203]"
Los Girasoles.,"[198.07259014 110.68964966 306.72602496 260.71591334 479.15097864
 379.64256278 211.97476172 272.51409344 218.25607835 380.5560766
 444.49124643 343.67298594 418.14520871 393.90287495 116.93190435
 169.50482438 330.79118543 111.86750797 270.65774116 340.8290615
 317.5684969  260.7996124  328.35409436 351.89250871 378.09009293
 322.26853433 429.62990471 220.86949059 143.09222037 354.60342244
 222.46608704 405.60933161 482.67815222 211.30491352 272.74316163
 268.13228802]"
San José.,"[100.48149312 344.93728962 155.55502864 289.72357802 241.11086326
 284.95275616 273.13474697 125.16315323 155.70235817 199.21118234
 449.39023705 153.03904951 453.41871554 347.27097295 492.39748037
 177.70187606 168.55615378 167.76585789 438.53526858 423.45790975
 182.40474384 406.75366598 389.39262905 409.26063963 456.92380416
 205.36273945 105.25185843 440.09066773 280.27750106 298.10286329
 129.04248192 382.18440131 216.49773523 435.27205649 350.59635197
 235.62078562]"
San Luis.,"[142.78493567 410.02183176 286.69721988 240.51232886 107.15083363
 334.49630539 142.92271461 260.1692211  378.45100203 499.90869065
 122.16240509 310.07217394 266.03756922 404.22774741 112.83888906
 321.93978114 368.34072871 134.2398815  374.78265821 130.16508913
 197.03998311 309.73504768 374.79784261 405.37144828 345.03132637
 212.87863729 280.44689296 301.1857651  438.37660823 325.05028295
 483.11628121 380.98325574 250.98764621 300.91919924 427.72391656
 310.95924942]"
Santa María.,"[207.42537959 383.79964173 195.66552772 140.08957796 102.79268153
 445.35597166 114.6360364  202.98072503 266.59315355 452.79816414
 484.84795585 399.25400524 360.86892864 354.07103017 142.62183498
 408.786466   172.27676455 490.62153402 139.30200425 442.83851894
 348.52385926 209.08922626 323.69759722 457.08895833 241.51350643
 340.37180072 164.71105631 473.38147212 375.33258014 138.06250745
 228.95529352 208.73366813 388.65423529 401.47882277 373.85941421
 399.09870559]"
Santo Domingo de Guzmán.,"[324.71641471 211.51977389 162.1761765  317.91295434 217.81829496
 277.41736954 137.08012842 153.88434096 294.65893596 411.20792426
 300.59944503 183.25086399 499.2063146  344.75310041 309.47000731
 346.56859316 341.38033441 495.56909488 324.0079823  468.34335076
 205.3354927  214.91684959 393.60211488 281.08339424 285.87455529
 462.7101891  351.09505789 109.30393005 180.93209436 438.57973432
 231.13803371 205.27138645 131.90289473 232.16791285 156.17059841
 104.22171659]"
Villa San Carlos.,"[209.88328688 335.64448955 480.52616298 371.99746789 382.68215523
 355.43979947 270.89775829 280.64565997 289.93538313 319.84911322
 144.08009528 240.94959341 154.73214171 443.75964851 477.59555686
 440.14073675 179.01351819 233.55652038 254.98002529 421.28643064
 235.95593959 327.64311597 302.56967376 425.62971022 348.26283012
 463.40050882 111.29703413 353.49307734 159.07965183 309.63154605
 313.39797067 185.87780189 176.07842676 392.2270477  245.20106877
 265.35601212]"
Villa San Pedro I.,"[272.2191342  121.91553623 301.71954068 198.96906648 115.82820768
 481.37702016 241.65111852 194.63523776 101.52257746 419.31473525
 382.05682778 297.70075084 322.65695106 216.04445595 420.93508171
 186.03682966 416.88468091 472.00887947 477.80753959 218.78661677
 222.29936075 381.97946126 467.62034899 325.62120106 189.66003021
 404.10512162 217.74635046 297.88050163 496.05018137 137.02437415
 354.49068982 316.59187863 143.83981325 380.67529678 209.57127696
 333.18949483]"
Villa San Pedro II.,"[253.85309946 114.49904901 207.50625426 490.29947095 375.49097058
 113.80061331 174.56872932 472.12728461 114.05017709 290.56646524
 392.07588045 341.21312124 265.14724667 104.99022073 185.72621836
 132.29286692 280.32909315 467.78711837 260.44230509 280.1746337
 381.39834532 209.16123486 285.20824055 269.16649758 138.85822881
 183.52060477 259.86107528 212.81226416 128.11469289 189.12847903
 283.99106763 324.09901995 302.35263726 158.63043466 297.95493165
 482.07637127]"
Villa Sevilla.,"[176.19137052 475.69109988 351.90572543 103.23444114 248.66009986
 262.71945704 223.09002951 185.23559592 150.1277798  112.87956971
 257.43718736 170.36478977 481.62349179 245.37413305 423.85561172
 137.51259749 138.90424255 415.33985484 278.83361978 246.35103284
 379.54218212 111.75542017 118.58561655 305.1662437  255.56545328
 368.84725706 282.95242843 159.94300629 237.18080392 382.05720589
 316.23894414 267.52417284 360.8817915  316.92907113 179.74689252
 222.09147955]"
7 de Agosto.,"[381.5912821  368.04793037 236.87600908 323.74504781 377.07125219
 224.22219664 353.53176553 336.61321988 249.52338963 252.52282395
 282.74390791 237.16406827 413.04347647 271.14898689 356.37743986
 364.18420964 131.74257909 214.6553357  322.73157027 356.68888155
 423.51764936 331.89564842 302.27957211 208.43831429 203.45763739
 492.81306389 214.82062427 352.47418532 346.94295123 130.84261053
 167.63952855 396.6925914  455.02341781 131.83683586 270.99273398
 213.26277072]"
Bernando Hoyos,"[375.77694064 468.36519775 244.25770482 423.67096647 340.539619
 141.49115694 368.85600374 270.39840118 412.13360592 132.04727919
 205.68242782 463.57742128 396.37521125 225.55498331 231.28191904
 369.21785185 168.62336688 427.77571414 486.6314292  407.51063084
 242.55010848 186.56809083 394.30554628 365.722032   223.33514287
 306.58602221 319.80357975 303.13283836 402.00257061 439.60660581
 303.00142763 450.40012284 282.2695178  343.9366481  481.27585972
 407.1494533 ]"
Buena Esperanza.,"[460.49466457 192.05309525 226.01938099 146.64456725 221.10114315
 351.95390322 176.08211919 392.18232842 234.05595588 190.50642056
 453.38397867 149.37122446 195.72281078 347.35328678 242.15160137
 342.10887541 433.08530308 221.68252783 281.83157497 375.51970768
 378.87367732 391.97500738 253.51770886 431.63601832 161.35557325
 353.92410221 399.66646742 343.3506947  148.37652254 202.04595436
 204.81586283 426.86272556 226.53120809 171.15393733 412.84115045
 458.17638964]"
California.,"[458.79195724 191.46691568 291.68531719 457.44684054 343.38583297
 257.14917396 404.61954996 169.89276    244.56545598 242.1745295
 110.19531782 398.9029689  137.23847483 454.93414758 168.20752002
 379.38561861 427.13396305 349.00354198 126.55934967 401.51912582
 115.42304364 310.40325058 297.27099395 309.84124572 370.17408245
 162.99968715 146.89363094 217.44217596 102.53175708 384.43526129
 220.91812098 384.75217368 437.4200044  131.23407397 198.09857329
 467.9532911 ]"
Caribe Verde.,"[371.86546678 470.68823644 357.61520949 192.20391173 316.75587492
 291.92806048 444.54398497 307.11190435 384.73621531 292.96004635
 480.15160009 211.44630992 463.94470771 291.65772876 433.14380836
 224.22566102 121.06022393 272.13056555 336.13774347 357.56684093
 437.97399773 374.34819147 297.42293655 265.14363812 466.64218967
 118.37353655 217.57790162 379.23691113 146.49120165 406.79674916
 245.91025855 354.66216704 377.10596674 243.79440161 494.77134458
 126.64329356]"
Carlos Meisel.,"[104.06142234 190.12673525 482.89705488 361.90777393 254.85880752
 411.6780199  336.93349418 496.27831306 280.01247006 171.07441634
 139.5245102  101.0908945  390.46945571 173.51112203 259.39928915
 496.48501366 289.12898725 463.81668594 231.97208994 495.39330598
 169.84573206 171.68092955 197.70534482 451.52468257 125.83470631
 450.09239718 314.23597787 372.55625795 307.79049878 463.90544237
 435.70091229 471.29457735 453.11273803 497.30352316 451.05249863
 192.77546946]"
Cevillar.,"[140.401945   284.92360757 305.2919652  386.53464653 279.88818108
 306.21094771 403.171761   153.12443194 164.44242009 461.59132372
 479.02584006 442.67766218 106.87562446 295.04621309 150.38077267
 249.61657286 381.20997973 481.32310057 184.14273601 416.74438472
 276.3192417  125.56127832 478.67945601 258.89949318 224.79130815
 418.28663918 462.06081828 462.6292787  437.98645102 172.45983395
 308.80259129 365.48895001 335.85039209 369.6250645  276.46734815
 176.4169396 ]"
Chiquinquirá.,"[392.89829302 118.14816909 171.81198085 459.61036823 442.20218456
 154.86635344 217.32325908 305.18732822 407.19843065 426.34772976
 144.04515198 410.82455297 378.7019375  132.97917169 479.78811193
 198.61069537 145.76475668 319.36342274 196.62198793 311.5840795
 469.09383202 329.8122687  435.51279518 422.88341117 370.67926323
 263.48703879 101.29448793 361.96235687 269.70089128 297.2724887
 441.55023587 282.05031326 104.73929406 260.60664466 380.64056518
 282.82185145]"
Ciudad Modesto.,"[246.99060175 298.52768831 430.19606738 272.72988745 409.87514912
 307.88504643 337.60919026 118.44545063 262.0340895  444.24141644
 367.46356231 390.77083594 153.30170971 297.36576125 231.83485894
 198.18375732 198.29862997 197.28850085 189.9045112  327.36224117
 192.51117356 472.98124107 220.06341257 181.56795187 403.52938183
 130.74665834 154.03962265 287.81099083 429.48470911 414.63998373
 263.9440133  351.75285845 481.4403337  414.57271791 304.70980166
 414.30072402]"
Colina Campestre.,"[124.72298993 229.61348331 473.14973076 466.58442726 260.31327355
 185.33935493 148.47767871 108.02907627 103.83680502 327.44253281
 499.13466287 381.11022761 185.91204726 404.90131259 367.6424608
 477.33412022 330.53804565 200.04960953 367.0939782  370.67545628
 392.28260041 164.96095435 416.38282096 181.49199197 356.91875932
 169.31331662 134.33861556 419.8815806  139.70724583 138.9207762
 474.29764849 419.36711281 171.04456727 343.27270187 315.74398102
 455.30252183]"
Cordialidad.,"[127.16978261 126.46509771 434.93100235 184.41609271 485.66619872
 381.96730281 201.7881565  211.8390981  371.54073085 460.3998537
 499.97222405 406.89918728 104.92748191 444.30479598 198.0896338
 291.15217822 328.39461819 130.2304911  433.700127   185.54731802
 437.76540223 340.77156879 279.26244716 104.93438195 113.8706359
 208.00354637 377.26235597 265.83999788 442.77872985 108.35702701
 245.73619834 172.97671315 223.15328366 183.50015931 215.21875841
 442.63971439]"
Corrigimiento Juan Mina.,"[433.59198525 400.53430839 154.66634148 363.50744086 483.11987865
 158.24340994 150.2601655  249.75334343 400.15722406 322.91158894
 455.94468315 155.05590906 339.42613308 485.49637762 495.19646102
 286.07136545 324.02963853 213.66243178 445.82821754 379.50852122
 275.34071387 347.37127742 150.45240898 452.0155203  288.39220581
 267.32571197 272.31807108 105.12750036 251.50199244 175.18665418
 160.91418476 487.18227889 324.7057028  408.57705204 288.2683344
 409.27154021]"
Cuchilla de Villate.,"[265.42633769 118.5563634  212.38933017 497.61026104 232.98271104
 482.38219335 205.39361443 294.69179291 216.82459499 242.06160758
 128.35419769 275.00163485 268.17754026 394.81786389 197.58341061
 417.87893054 485.62222181 153.15270545 101.7743581  455.97019067
 426.63942379 279.06308852 399.83966007 210.34197536 284.19701394
 358.7720453  406.35016207 369.73934415 192.65054058 287.53008069
 263.34845918 431.15419807 287.57328429 287.12624864 344.70063493
 461.48753421]"
El Bosque.,"[219.16281154 361.58062432 114.978317   318.69854839 175.64353819
 113.61470401 386.32574871 140.65640136 302.88156343 154.11991994
 346.63508308 130.15051223 108.80602342 386.43538915 407.53631681
 455.31960432 116.69964817 161.03822971 375.98158714 341.5889065
 316.02945002 303.93653245 249.1412432  428.80424687 273.89972175
 461.73537789 405.67001819 126.99397512 330.41066869 385.72090227
 446.97743865 367.52348124 198.51694765 392.19193906 375.7231448
 128.3655229 ]"
El Carmen.,"[282.06647942 368.97306278 299.28613939 339.69617695 212.02764371
 119.29858864 108.32736102 486.07110576 120.51312458 190.04165521
 261.08238364 399.26489588 226.75014215 434.90130192 326.58932048
 344.03795935 310.53329619 208.23727241 251.43157443 401.14453378
 162.82541866 133.59748556 247.33596118 494.41090866 370.09543698
 120.31416873 270.56377593 277.07811671 458.65900546 298.758543
 449.74338861 249.54027569 474.46196749 185.08668764 212.40321649
 127.14586486]"
El Edén 2000.,"[102.93390397 308.12137464 189.66540409 468.07196712 416.40016201
 430.47642237 498.71048368 104.01300268 110.52406521 234.19520787
 183.35454511 138.50133859 163.87009494 168.92579452 459.89293718
 118.89473733 378.82906686 477.80265788 243.42474634 148.1317338
 205.70721991 466.80197374 168.90190095 179.70578111 469.08973098
 197.82088419 483.34410706 433.77704132 155.58247838 172.66939733
 262.4566422  101.05523962 337.81837958 389.71420884 459.75863421
 130.87332223]"
El Golfo.,"[241.03277314 311.20634884 271.63449676 198.46115125 428.9216392
 312.64632217 242.78390282 427.62818385 106.56120749 464.65034466
 368.81604237 144.60259633 182.46360432 401.22532412 428.57031176
 182.76454644 479.17153927 262.84480271 139.84349484 245.86150212
 296.84346837 459.30492659 447.13894864 253.50054244 274.73172193
 190.91021886 294.47027792 237.17230577 291.43641652 484.98931615
 425.79490585 213.0835006  179.54985371 226.50183061 441.56850039
 154.16563612]"
El Pueblo.,"[347.63514599 206.29517535 119.90038095 310.34533951 156.72083337
 239.67160013 123.44585236 301.72711677 103.2580212  314.92285567
 264.92140899 147.63772293 369.66670102 223.25251807 107.35300069
 358.68531953 105.92162116 316.42694618 146.27202985 322.27308879
 479.3782356  383.93159195 338.9091123  277.36662073 441.7112508
 238.46836878 388.22320809 150.96899545 304.37060163 189.40614606
 464.90340821 189.13462385 136.59857845 425.46524878 376.37658666
 400.44149227]"
El Recreo.,"[265.88582939 480.59527734 377.25673096 448.26192789 438.70343308
 439.98612606 343.00179329 178.18749447 101.3557948  475.51145707
 199.93660118 141.42428166 131.71349068 239.4394054  422.59619838
 153.10493106 426.35707884 106.54240448 259.10959467 474.86764727
 322.49757892 458.27929752 228.70594804 165.76073016 472.34112152
 463.77945403 196.76716624 306.77391254 261.41293449 456.16277617
 237.50730776 402.16524206 388.98985486 491.98534705 413.99930341
 117.3340145 ]"
El Romance.,"[426.53322284 162.90538823 362.71426305 459.09224031 327.104595
 113.16209155 429.75848591 256.05656328 102.78009059 210.49881031
 379.81582606 406.67946236 499.5064216  234.04405566 433.05128273
 143.87197324 297.50005965 253.79618072 465.19655951 285.54458223
 457.41917401 464.72702663 106.92108977 432.37884138 136.67267347
 208.9134522  221.45160624 107.65380447 336.11436782 139.49567388
 453.28667227 137.13708803 425.12930547 437.23289391 138.05775665
 403.98435922]"
El Rubí.,"[281.61761317 258.16704866 140.93209245 371.70341918 413.70548041
 339.64156145 296.2568693  195.95145818 208.46372574 239.1233264
 297.6704652  245.7551725  204.17213144 192.52166117 138.66046636
 286.49460434 371.49103618 274.05480938 421.06912745 203.61591354
 318.41524069 244.38417706 315.92914147 349.65741105 265.60114217
 217.47321463 223.93283368 452.49310914 289.98993916 494.06568833
 386.10036189 325.27784944 101.20441068 181.33011091 483.55778315
 382.15008716]"
El Silencio.,"[354.32943623 238.50653382 294.73792401 451.62253677 388.31941411
 263.45697586 258.76831618 142.97405878 443.02650822 429.71238551
 123.15575804 159.31656625 202.3926744  156.4572701  294.02753543
 369.87361882 358.10875509 278.87436371 272.71863257 416.38276289
 178.12008803 175.62256391 367.6098073  473.9574557  428.47119898
 301.10850489 327.79104895 354.86544668 169.3709817  292.97251568
 184.66033975 347.63365653 450.87298668 275.5752908  456.5783182
 399.07845918]"
El Valle.,"[423.56432796 415.86896646 131.27422926 330.80973819 325.11831962
 193.18246762 351.29324874 121.29696742 101.91599618 195.82649277
 258.80620493 147.13615431 412.50954938 274.42126893 336.42218124
 366.46627453 165.22135088 337.75066782 343.82497986 435.99862313
 444.46385321 237.06671828 377.49260683 117.78050042 182.40020936
 266.63953305 424.21765897 116.64056658 198.50991686 251.99689456
 312.05921118 300.73589487 255.54011952 321.19854036 219.6468513
 134.22052418]"
Evaristo Sourdis.,"[114.38080279 256.09897938 209.50591044 198.51373584 205.37173932
 418.54783436 362.98125814 145.18169231 143.93504822 353.07960353
 360.69864967 388.05280706 101.69441931 390.34442082 374.72418264
 267.97197453 350.92975815 314.4549595  140.15297926 300.28502538
 132.66358669 310.36938282 361.22297572 114.7871308  477.80978611
 238.77542267 333.4018126  435.73070255 279.95880785 316.41059766
 346.72030193 241.82521252 221.7486439  224.02237159 462.90946253
 264.80213603]"
Kalamary.,"[442.5266016  442.40381782 387.87004118 455.15732946 114.11867196
 288.12806028 287.66272231 157.29974134 435.91399403 109.47347074
 339.08430587 465.99761145 153.02894038 169.1095659  276.18821303
 249.25548974 243.76349112 139.84430086 341.12497723 320.40616286
 268.78360614 334.61534038 260.27608519 194.96471299 494.44845831
 341.11005692 373.99197082 152.50071454 153.12831735 462.79772105
 436.27450072 230.71701811 251.01071619 291.40713582 129.70368665
 139.82014426]"
La Ceiba.,"[195.54389481 232.91091521 213.6020332  250.15727807 322.22679533
 477.67454931 197.75359965 172.22880971 343.23150281 306.79856782
 164.92605047 446.93050822 165.52757001 421.70309022 152.95603912
 149.23155978 200.73764158 108.99012014 182.89864256 205.76177094
 375.95670738 143.88397644 438.10520819 234.2097614  495.20687138
 390.3883723  208.30950315 158.86807775 338.57112108 268.44811464
 391.80841634 104.75908859 369.30486582 126.4519815  320.63881294
 118.84304379]"
La Esmeralda.,"[121.51662597 374.11760635 124.06637169 450.91249524 356.35166038
 166.38470346 288.55337454 216.38525438 298.90682079 282.8497781
 381.07496989 272.29491526 332.13839842 137.01428114 154.72312932
 473.18711317 120.59651623 404.36220064 216.26971324 161.91608357
 448.89269743 195.8896917  289.83770408 339.12695212 151.04300669
 461.90138589 450.00127015 367.59255507 385.90151588 432.72444891
 276.57451848 125.26506168 305.35014829 134.04321404 173.22696156
 172.74467357]"
La Florida.,"[327.77499414 495.04282358 181.20169724 217.92352359 267.35817301
 458.65068607 140.56780651 172.69091921 216.91172757 159.68298995
 357.04713789 102.38623365 267.02422581 452.28817385 288.34757537
 498.00716045 334.5689077  185.65906009 212.97998082 243.46783109
 359.68252104 147.46102102 499.70604431 422.76699057 152.5680864
 454.73795485 450.58337942 156.76997885 369.53631178 398.31441016
 375.76086332 206.59887195 493.11632734 422.18300882 321.99991642
 484.35857866]"
La Gloria.,"[480.79252707 489.89045406 384.44054882 321.10732062 322.72263807
 320.29980229 158.59100112 101.60142783 451.61441139 314.13771462
 294.42676735 319.24854942 180.7626451  114.52374138 461.53428308
 350.62181134 361.21530306 289.78205481 480.62293948 411.6912466
 443.32679741 238.52662963 246.23622171 200.75545394 231.64426007
 310.46946184 372.2208014  249.35500868 149.31580921 295.16223873
 132.35389571 197.46646405 270.35217661 297.82014489 381.660885
 250.80688655]"
La Libertad.,"[146.97747976 480.07758705 212.30124915 104.33728852 271.56132577
 435.99905351 132.10364097 466.77848518 108.68134636 419.59816136
 453.01573887 203.84906611 218.27902814 139.70040241 304.88344076
 247.48640712 385.51413693 205.04018193 138.04643499 389.80277645
 100.11986606 174.49357711 284.49486614 129.73221401 435.5402672
 291.67167843 329.41277431 354.73387736 454.77379876 182.50002865
 378.8618213  466.7059516  128.1014922  182.96068431 168.33776096
 355.01065363]"
La Manga.,"[486.67664585 455.16276233 494.10102242 339.46165626 359.80561205
 142.5430761  206.74737475 382.51885776 151.48266547 271.91776906
 453.65459151 486.19079078 333.04691724 279.69073313 493.72140954
 334.03803871 143.80702643 258.72551176 401.62514404 182.17334835
 117.12578484 334.11061451 449.20306045 348.32804732 433.89846412
 142.94173992 270.49826999 398.87255715 371.39928651 402.46461278
 216.23718459 479.80129451 240.77851844 265.24342453 466.88831642
 433.52870952]"
La Paz.,"[333.25404014 118.51204429 479.00776085 253.60718807 311.10663695
 362.24725437 420.79523629 264.84882127 379.53945701 146.35563492
 326.40541551 128.95565458 144.70789203 114.64896511 499.46969523
 254.49345974 121.51467976 329.25779051 443.17437447 217.46371709
 330.14617241 415.39149155 403.95587203 483.01853284 340.09127055
 230.50423429 276.52893614 242.47124517 203.13315494 434.91247773
 107.58659179 218.94283219 352.976292   273.05589605 499.08907399
 398.77311661]"
La Pradera.,"[220.69609463 252.37213343 449.29840248 401.85286065 355.74043609
 384.70968808 464.44687376 102.51120255 458.18446934 364.55680077
 429.83834034 129.01565667 360.87236751 408.00823587 447.97799653
 139.11511312 446.97935627 121.44155976 429.74169282 348.49097074
 325.83475687 198.48975419 336.47553903 102.58464955 281.88531999
 141.83781007 446.39640077 172.97682974 399.85452376 197.74840773
 398.82727932 484.69553771 301.3005208  357.96252639 103.00779811
 135.06330162]"
La Sierra.,"[405.08582914 371.4882751  442.07974829 327.40618783 154.91022683
 322.70739531 114.83654757 300.81647    128.06752884 183.78390561
 487.23304888 354.7562742  493.29869878 350.82320277 270.91156182
 244.48760754 441.18791506 229.56087702 351.14560774 240.98351778
 270.99691426 423.50249691 415.61728571 391.20120934 307.17380627
 359.33289076 332.54979512 145.8250918  466.75316615 108.96354996
 225.8631494  478.41715999 168.10105359 337.50031049 337.50053769
 100.71765907]"
Las Colinas.,"[245.96324934 180.86194076 478.68263633 331.32605232 203.33917311
 287.9141062  225.70532355 183.73309662 225.28284865 153.79591865
 325.21690353 256.79375544 331.94257186 420.43709142 490.8831582
 150.04480274 298.01561187 490.83206755 307.06865253 132.08218867
 230.06306274 265.15110388 350.00617678 174.01056929 141.46417656
 307.66552123 407.71735063 458.27814577 304.13382562 278.04490798
 249.05892494 448.07987239 121.80154248 420.42543917 369.07835228
 101.03242884]"
Las Estrellas.,"[379.67478023 121.69698417 203.82961132 426.27922524 365.42830582
 176.46176444 122.60457199 107.53652719 201.80058105 182.58269713
 301.0380318  249.48969476 165.34877547 371.99095783 485.94792319
 193.22531979 432.4616079  285.5869292  196.8903988  297.79719477
 127.39530909 134.11111235 386.47134402 161.78387835 372.15014299
 286.72166388 355.10508624 459.89972891 461.26618161 348.08508962
 217.46473773 358.11365768 210.23287001 428.65315843 397.8526669
 477.39857366]"
Las Malvinas.,"[468.3257153  157.09605046 270.2579482  417.23509801 169.80281137
 185.35017746 216.74533784 423.37366076 360.02871681 395.02799594
 392.82179096 461.05546304 283.37387682 392.02898986 198.20980044
 263.47568385 477.6208009  311.06413954 272.3376579  181.18132292
 183.69816246 400.80946586 180.13819704 153.03241921 323.74324663
 425.86529052 120.07776269 300.61937346 455.66407945 250.96311795
 316.5833493  221.16926703 313.07240618 124.77661163 469.41620896
 330.38107686]"
Las Mercedes Sur.,"[259.84201636 174.12427824 257.79272126 338.04097092 120.13735905
 419.88920799 239.8741682  261.72470582 269.58422302 453.6726144
 469.0121587  286.07018145 362.52099794 291.82947266 257.77380472
 256.54678824 295.18303431 345.89655918 230.93834091 426.80669169
 173.10045957 496.16714176 490.52960923 103.73241792 351.04398223
 343.03179689 451.51672601 199.7892025  408.60601442 335.66634632
 403.67093653 176.06996303 294.65868481 112.82334832 171.99726427
 335.98484266]"
Las Terrazas.,"[202.21947508 371.56513605 103.16422511 255.37965774 403.51814621
 274.53478957 497.82119551 423.14691095 178.78715431 437.0060955
 232.21326872 115.50327649 455.74113897 189.77524411 430.63795173
 167.98359636 318.72836315 107.59410744 360.12236391 394.97204818
 464.57665919 482.57159419 247.21492732 389.49131035 375.75632145
 238.1243814  414.45102568 437.07580295 122.33470716 334.91167632
 445.01803499 356.59072576 351.04612897 276.80113055 152.27930332
 135.60459772]"
Lipaya.,"[388.48977295 127.20734413 282.91036531 356.53442822 482.62987026
 199.87230514 254.39590571 376.65277832 238.79209057 430.26501089
 417.36098317 146.83852333 232.15107819 193.06503413 491.53818295
 115.40469848 250.81026634 194.58543319 240.99873297 166.99969348
 252.76735295 124.99110323 122.0430656  324.75697459 413.9610206
 270.99417772 211.06041974 215.85186808 285.18696587 158.57249069
 166.56625697 306.66011192 338.50378995 374.87311575 161.77839256
 302.20987161]"
Loma Fresca.,"[476.63612685 390.82815922 191.19666033 190.28072256 221.80043357
 178.60127084 376.05424022 331.82466506 270.76078467 374.48537846
 227.12679443 476.87827146 462.03178826 173.44603914 399.66515652
 456.29723874 101.27209453 264.38566046 414.65972223 184.2566103
 359.75000674 435.0845327  431.70370552 313.09234327 151.3556371
 186.80881661 310.33081919 129.59997902 412.49653413 159.07727345
 470.05314868 222.10506172 392.88985153 209.66832975 296.20558411
 165.34823006]"
Los Andes.,"[419.04296885 168.23531768 164.80707626 144.01533557 443.60179784
 177.13875184 402.53662269 330.86101242 471.01274122 402.12884091
 162.26629241 134.91929516 159.86379484 114.04318222 489.38426068
 426.04378634 193.40424174 415.24818227 334.45906952 135.01934914
 328.05131813 291.77609461 423.22118156 436.27210791 279.68394636
 413.0956905  231.03392373 268.32418573 476.79406476 495.32643565
 193.14757033 315.05518943 409.12413561 133.84369292 330.5926303
 108.22236935]"
Los Olivos I.,"[305.35900038 283.59043577 333.8487795  445.48575735 240.14497112
 436.50830806 328.48748056 314.07492458 308.26913426 368.22358528
 148.37262647 116.475907   158.06016054 275.04231811 180.14394772
 181.37269497 425.9963948  220.99267394 130.0559028  426.85124245
 292.93504635 445.22217345 463.18214623 125.08321785 186.05846856
 152.07346649 215.22067949 335.21930691 221.72393601 254.94889799
 160.93559594 117.51195804 424.72944617 470.62014497 304.22553418
 224.50892528]"
Los Olivos II.,"[178.03792602 157.4863667  444.23542859 174.15277848 401.20269616
 256.80420981 493.75930822 401.73003764 125.01866814 126.74610898
 179.04532514 108.47354154 313.11276363 190.71533171 377.52578237
 448.76614284 457.80149516 193.08170605 119.47522666 149.38561992
 128.95217315 260.81149229 248.60411737 401.53405978 151.33974049
 175.9816023  465.40172085 114.10606063 416.1885105  447.44972821
 246.16502988 153.67820691 271.41489984 213.12214573 350.22353703
 441.41225033]"
Los Pinos.,"[388.84547261 112.64935169 349.69520397 153.45725126 232.9594432
 177.76168244 102.56561536 440.5816849  262.7931973  446.75511764
 212.01419347 383.46248674 208.66015714 355.64757061 164.45468713
 315.6866142  268.95639078 212.33125251 304.87872139 212.62889237
 158.98088406 121.21527081 276.1073961  433.12830602 169.98277489
 331.92146401 348.77972283 332.2682258  193.09682601 383.6965845
 106.97467786 442.66647976 443.59029738 393.97071689 330.44281789
 137.13835436]"
Los Rosales.,"[129.71684984 209.72874085 177.0129035  128.02394251 260.39354744
 455.1142929  475.68736519 161.43530471 123.6236911  313.68461277
 367.81640696 406.93162646 259.91836824 459.24575708 286.96411512
 306.12334954 120.9762094  486.58717203 440.37193515 492.79565529
 195.17907416 198.47852426 344.50846128 472.63655509 140.50263956
 468.19608173 174.46003325 193.8379137  403.71830441 312.5843315
 185.92208167 398.92814559 126.81439383 287.61336588 199.21651097
 377.85879684]"
Lucero,"[465.49846824 493.69936925 244.23619192 356.25380011 324.95084733
 276.64238748 163.34357692 403.92161332 277.54153015 284.31912172
 188.52365531 389.36887413 134.97014121 226.79874151 186.84480167
 480.25524543 310.57546139 391.98972289 278.72758882 263.90984486
 464.86559288 151.06494206 275.76748771 357.32666538 364.54618011
 112.7612948  145.250604   251.24834142 475.41783951 291.62909064
 291.40700884 235.54042114 399.91729089 106.37361814 415.86677302
 112.21400926]"
Mequejo.,"[489.33685612 384.10721867 414.18600466 425.47292645 182.1444717
 249.42667922 273.17754232 443.6832157  171.08934544 411.08531116
 206.39717318 438.53823048 201.26499009 211.46256109 416.47199207
 287.61433812 147.72330506 493.39809379 147.29664945 109.33489032
 350.03567898 492.33345883 222.81151061 314.09227218 473.8745831
 444.55258195 109.19373271 282.93773442 155.30760991 114.76544025
 454.98620063 352.67947065 437.30482412 113.07922268 258.18275283
 387.76523999]"
Olaya,"[219.02228515 403.54083686 429.62352786 286.62775877 148.1206369
 149.74383206 244.71877961 287.45750532 382.39014111 195.88509066
 373.03501049 209.58502643 174.06269438 248.45286928 391.47306833
 187.39107598 211.40595422 312.72563848 300.68165652 191.28468653
 295.78600002 164.23963377 470.14928518 245.89490176 101.5800899
 134.14335016 419.84535463 147.00895069 223.04851027 392.99387631
 298.59564735 247.23761993 354.90421737 322.32861545 124.26505599
 481.20743142]"
San Felipe,"[345.54256738 441.10873767 396.80957786 233.54152662 327.23624149
 382.13157989 210.99912774 353.4213798  162.95842848 266.54274825
 256.07871642 283.90871174 461.09164126 174.66515316 496.47141371
 426.29783955 107.90858322 130.95101746 188.1637785  435.10338205
 491.71802546 476.3647119  456.09773419 445.41765307 238.71486491
 178.81332181 452.17861965 145.40881338 368.29379939 482.87263439
 260.37839123 112.68434549 110.53899527 241.31375711 475.77219544
 367.50288534]"
San Isidro,"[497.81983519 369.71002078 137.67102231 293.59254523 112.55251917
 123.81921526 226.56882449 265.76271285 276.37637716 115.41456537
 179.09638318 339.76436685 390.24035116 216.25345522 458.18534605
 386.55328092 317.13271217 442.31144671 479.77603894 214.22830223
 283.61027065 335.24840676 162.2762141  118.36194545 321.4170359
 317.91926115 182.37788666 156.22458616 121.66463335 214.57978095
 231.86003723 397.78025957 164.19551512 129.01155436 209.05179369
 353.03368992]"
El Por Fin,"[466.0570923  268.45740213 149.95887786 395.32120137 381.9591535
 227.14051295 140.73895941 327.55971709 284.1569491  354.61481596
 301.57716748 371.09071706 210.05048794 494.21650538 303.37726928
 175.05018941 219.9641324  375.77659241 375.78654011 139.4241439
 417.7608511  445.97723195 176.5458314  277.25863095 293.92078436
 105.60089011 348.64917177 140.9336694  191.67711187 381.91247701
 235.84973525 128.22454467 210.22466652 199.46559582 106.23791938
 147.87269131]"
Alfonso López,"[262.41258205 451.70704332 377.99133748 415.72679357 284.83143668
 193.05285208 134.61484726 292.72281052 145.41261582 421.52810053
 324.05818771 311.16139409 177.23488061 213.92346862 336.75365881
 228.11228497 465.05863517 420.36393996 233.27681522 337.67555838
 461.00718553 220.21025312 305.94014914 419.56817509 237.21045406
 114.83834291 316.53931255 187.79839953 123.90615215 214.32092329
 409.006037   123.05602836 488.27333176 343.28335281 464.20053186
 302.56016883]"
Atlántico.,"[389.04248727 343.97381293 464.65665485 402.31982287 381.43128317
 450.92616659 293.92183438 125.81432746 275.88440234 112.83377379
 366.73064068 254.38276277 132.64420628 248.91993534 108.99349998
 156.69257444 426.57688679 370.41876501 443.07030517 210.08768556
 414.20711048 156.65876448 404.89423315 476.87076499 151.18615657
 172.79379805 416.68973203 328.54939507 419.20770705 216.31247126
 351.19263048 207.19574953 248.5575439  366.66200364 462.12513133
 426.86959706]"
Bella Arena.,"[157.56217819 353.33428697 411.0485825  177.10892277 113.1380185
 450.49266105 212.29957453 372.65309113 313.03267324 273.55174025
 194.99283249 282.29329014 464.27470779 165.75018652 387.28197241
 167.97652912 438.27988258 484.84900733 327.9435798  345.29354484
 246.9250219  320.35017668 143.58892131 431.08243011 156.33284938
 130.10028647 236.46713212 438.71791136 165.67183855 333.21117799
 417.5842135  215.20224518 287.42843943 361.5379223  357.24923484
 499.83835064]"
Boyacá.,"[217.39503788 291.48228402 307.80861257 141.99692301 150.92196809
 178.98801523 348.48812746 191.64125541 308.73702885 202.57001235
 195.40315661 412.56913616 413.44611349 492.34069374 149.55131869
 261.38068111 137.11382299 269.74964252 166.64359231 234.77661664
 364.2038346  302.80085942 360.31150214 349.53444571 369.27581343
 475.39252281 232.29403605 468.48367717 102.37315007 481.87512588
 382.69064054 151.91147966 381.90424089 405.15399404 438.47788654
 383.02208535]"
Chiquinquirá.,"[468.99507816 411.41092177 447.54573886 300.80640093 224.1334369
 211.81405038 314.49068653 245.27583098 426.34845914 108.2699097
 499.58436808 302.069316   209.65760834 402.91582351 123.04388572
 351.57401144 408.5610587  303.48165587 349.67403208 414.76147619
 406.11585112 476.1111616  326.19105881 354.629724   369.24677431
 480.34342813 362.20168995 205.57617943 270.77548101 250.84362679
 293.65204484 249.45502044 417.96392604 452.13950225 304.99919401
 256.34159913]"
El Campito.,"[459.34620123 454.06592318 298.72806366 204.98524148 133.97911497
 481.41511571 430.72696206 250.86221468 144.04616684 484.69757776
 103.04980392 315.59805995 444.7731343  279.41387538 388.25449202
 389.67200142 153.57802295 464.91995208 208.46711688 415.17173212
 143.1004698  358.81487469 389.90747079 329.67880734 275.01682338
 277.09626958 153.23226665 422.90687479 460.59798367 318.28275281
 114.33647947 324.03702532 240.49294087 451.92207187 235.90291458
 134.91299894]"
El Limón.,"[274.31842444 438.90400296 464.02198533 400.90204625 217.02249134
 334.83132183 209.87692253 410.08364344 152.89715675 430.67245894
 126.42084812 104.26867462 282.62591296 346.10879343 325.66831411
 209.96669428 152.82443456 246.06420019 210.62755752 263.09876461
 489.11473959 469.69374882 492.50768014 334.50087854 493.84747894
 494.21420538 320.00470686 434.04377257 130.65050346 188.99785699
 258.44326293 468.55371498 146.05754091 481.48967743 315.52088404
 127.95780758]"
El Milagro.,"[270.65569522 128.34181615 138.47951116 222.8512088  382.51726415
 267.23871168 264.8627381  368.53072986 250.01748468 325.0720868
 235.98704467 382.84704758 364.25137506 465.6553093  335.66898169
 366.29892933 410.5413568  324.58538304 240.36246493 383.15073363
 105.79426675 497.46086696 499.15603841 193.61009636 397.0507644
 466.3054464  142.8575738  278.76679901 132.87376633 386.1387969
 292.60463393 228.11030673 478.14088228 231.63925581 201.7060298
 452.67651471]"
José Antonio Galán.,"[370.55885322 187.58809894 379.30827188 168.37802684 365.47792479
 193.01125449 143.26156832 447.37368458 351.2343701  158.4390233
 287.0286112  456.67529017 493.39987785 246.32035743 207.45442207
 278.88216289 410.99880373 390.55261001 264.39877861 149.00315007
 261.74768184 182.09090674 130.29271303 412.72627198 367.79091238
 375.43778624 262.52119725 426.51407877 418.25480485 245.82526501
 143.09915859 120.38920223 388.20612258 437.43431941 220.09867752
 418.21178928]"
La Alboraya.,"[322.52604695 200.43186744 274.44430928 183.7416769  178.77776844
 224.06004399 203.6214429  491.91811932 443.29498251 302.53182432
 254.64631469 383.47465482 301.71360978 208.34471819 258.0893395
 371.5437114  119.03827593 231.05123427 468.76100482 408.25628488
 155.73450314 492.99425107 139.02855122 356.15044728 135.25651152
 356.76278508 378.15363278 208.7730156  311.82204513 200.54868389
 105.33202883 400.76081223 111.73821407 166.93186484 327.01176997
 257.74991844]"
La Chinita.,"[110.62423725 316.33077834 218.73345616 388.70089465 152.68514795
 233.22493183 226.34250515 351.38093352 257.54412021 332.60366683
 381.8443458  208.70813909 383.29445027 341.9577785  168.86407034
 153.3079218  409.91563142 418.34582409 239.73123273 428.25374877
 240.77262994 467.06173029 365.49165873 156.81631426 223.62778653
 132.58726442 330.87244582 220.92893384 392.37467375 258.51922052
 302.49781013 243.8028479  208.79062406 365.41852568 395.24631452
 498.21064858]"
La Luz.,"[445.79863026 332.91111755 487.35125881 225.38050727 146.03475306
 450.39561782 380.67853313 458.06718434 191.16846535 481.92717378
 141.69037008 433.41710482 101.99368181 206.41870046 249.5582967
 297.92025783 197.4224283  262.92068935 162.31785926 421.37564843
 327.60277953 447.37979303 209.08498576 312.08656219 440.70683479
 189.08909757 232.82766419 193.90305737 430.67978905 429.23189678
 333.34881843 257.33936096 333.50035617 315.23133025 276.78359701
 353.26653549]"
La Magdalena.,"[435.46091308 444.16384238 226.43651819 490.25129543 273.83709934
 365.4084796  126.86151573 439.01927555 443.25365404 483.98162963
 354.2028253  218.38920824 291.39330014 410.82155388 306.75071236
 140.59151455 240.34672351 364.21107201 471.95449921 207.88563246
 352.58174293 358.88464549 187.4414647  199.57363063 179.28833412
 451.46204412 169.61421389 301.97147844 477.9118646  392.28702383
 156.96574043 247.17437277 384.11252951 294.69357074 165.11445336
 384.05969839]"
La Unión.,"[261.26696073 117.58833722 388.69504634 201.615235   208.48232583
 410.31554017 207.16355561 166.90685159 163.77911672 416.7712631
 178.44466976 158.27858707 270.45462419 145.17831484 360.07155898
 318.73728246 371.30747307 234.16526332 421.7030839  128.70167774
 373.24508318 479.99354896 280.86435311 149.05104771 138.76163714
 388.80705536 320.84647947 437.2873714  148.03197939 479.51897343
 174.75459483 176.64112008 467.62222614 170.12052136 175.32056282
 328.78874209]"
La Victoria.,"[112.25181446 145.36014553 208.08875044 483.99930443 387.75918536
 456.67116713 114.283895   399.27599862 195.38779254 101.93877427
 144.31904021 271.70886898 448.64696903 167.24022581 394.36005483
 229.87834633 227.4168309  459.33253428 239.54254634 257.77906804
 472.94662489 134.99133121 173.64499464 329.91448845 283.6253651
 163.13922104 404.86477896 145.29950133 233.23730087 336.52222799
 375.24583235 317.42909367 190.30137101 195.32460662 179.41822549
 117.99256212]"
Las Dunas.,"[373.30681997 418.46268556 316.45025088 355.34990124 293.56375015
 397.90293837 187.49310299 347.45996904 498.46719003 218.21297769
 150.03425953 291.13560905 384.55761711 247.52280308 255.14150692
 164.6089605  410.52185761 353.28467227 343.19146647 207.36532695
 125.57714515 296.20721722 135.7678769  366.53688225 280.43992853
 267.03077404 490.55340078 256.22710581 345.37103011 431.67086101
 127.04523484 203.29209984 161.30557769 473.65329153 178.7633921
 159.12993154]"
Las Nieves.,"[325.49380436 451.87101781 282.68841851 379.05489831 130.19149989
 180.90034493 382.43957167 267.86508065 387.8719693  124.17424055
 363.02967615 187.98539205 101.74587581 343.14246139 167.9408509
 480.71001218 362.14063627 167.39863025 431.9201764  319.86627725
 248.20987286 491.5082834  114.25187952 101.96492459 173.08297472
 429.50912961 350.79558381 469.5641963  148.912904   312.6770835
 462.56739116 199.90911059 139.89982299 137.34347407 322.64647572
 455.38323515]"
Las Palmas.,"[493.64968292 160.19839213 488.92034248 252.87090333 499.12135346
 376.29012515 103.67711161 440.81349392 302.70178648 106.26690841
 276.04470219 195.63289786 434.38584269 350.34290644 240.86147047
 457.80200066 379.09504072 480.48778454 259.14269716 201.98421498
 264.81035295 341.29046897 131.90168358 195.11795152 410.90739077
 304.73146015 130.19359628 306.16194243 264.93183205 312.37703245
 386.62273471 109.54772897 122.41434687 185.72500682 395.12028915
 291.48200275]"
Las Palmeras.,"[498.33763235 436.5444694  445.15270957 453.59023578 375.16370987
 373.08168214 491.63819669 379.52477695 225.7896045  234.93535898
 262.42731338 349.54086019 316.46862913 426.29068021 439.50695786
 153.19216355 313.11266423 284.60841228 355.70453989 487.19359073
 383.9702233  482.29402697 159.84271749 110.0570207  285.79246467
 498.68078581 116.04120565 394.69645702 208.31393697 181.82832963
 369.32203287 167.73797967 479.44233297 373.24653655 128.41830945
 362.82038664]"
Los Laureles.,"[193.0025482  444.42710178 368.52984136 130.85033208 315.39598788
 288.83877115 152.9583732  194.76898386 266.08560401 371.63263571
 322.98801579 194.7008573  432.24975261 455.20700364 102.14301971
 302.75501392 240.3794955  268.40003813 233.35882661 438.25490595
 289.14049946 256.33019669 492.00350476 282.96139016 391.59710297
 460.82827777 144.16521923 369.8143847  346.6045117  238.08866269
 304.87020549 202.90095557 452.27337372 286.93475164 285.12688962
 361.80824231]"
Los Trupillos.,"[175.99769367 206.48001048 208.56005811 390.83409573 386.78090643
 394.86003898 107.62186684 488.98893045 214.83342864 343.06710141
 491.30775989 118.44645997 117.95677563 404.12685233 302.36252639
 244.12755442 201.93293681 354.59871711 376.58140499 259.52503745
 241.66047919 180.65865529 259.72362457 370.5357816  381.52933052
 439.0910373  227.94006339 364.4055131  323.57577394 119.87837654
 341.62909549 461.6060985  170.46097433 126.2663199  291.13287147
 241.01662947]"
Moderno.,"[258.99635155 163.29334047 413.74003862 352.63540172 415.93223794
 339.26557976 276.98810568 391.70875677 468.96979284 186.42710821
 196.99357853 266.93838299 115.13813423 417.4353723  492.91094249
 489.26733355 194.15833367 478.29880658 132.69810258 240.87116178
 384.76261874 368.2542243  149.79047814 133.94226548 113.49537295
 137.36183678 139.14144734 216.625579   494.79478378 166.27618494
 489.70881641 202.51970875 310.14707935 339.63375501 437.40861767
 111.34076423]"
Montes.,"[226.45328961 279.62796332 292.43064865 359.86119168 411.04105441
 157.55269353 175.88384967 126.89264983 211.76171195 165.59030248
 424.57246738 453.15390853 413.44178926 318.97113526 359.51837412
 243.36470862 213.50337706 196.24329548 301.76625817 194.85879409
 248.6972679  495.03564262 433.51467563 162.92383189 253.08703296
 494.37186041 151.16779787 499.67111594 343.7402334  323.22085914
 424.34446719 198.58117991 406.43872444 148.89099082 228.38928775
 108.05361065]"
Pasadena.,"[312.03838013 153.25545018 177.28462225 151.37562658 227.57403408
 343.8377928  122.99662456 344.2248146  341.10781305 369.88919495
 399.82424968 340.55052431 264.95743076 174.60058491 209.16742362
 406.09075948 235.64779044 141.46403797 176.04104074 241.34340625
 114.8180401  273.59339887 364.9450131  308.53127709 132.73622315
 145.73342501 450.72318837 160.36455543 484.3967906  271.94799491
 228.68268406 463.32617659 425.48623349 382.58360255 433.78430519
 322.42422796]"
Primero de Mayo.,"[202.06654006 335.8914233  199.23567292 121.11843176 243.62156239
 320.44576791 467.36960523 255.86857883 268.90985794 346.1376473
 288.47817454 293.11242635 114.96067738 378.65939004 341.13991196
 464.95207565 452.93877835 183.48050103 459.15536598 131.23268354
 442.22613809 117.8090419  405.80548072 225.04550312 238.07325042
 104.26745853 106.80908297 140.84370569 160.77417133 302.23004888
 498.28382235 498.47511246 304.40349069 444.5507501  145.9929787
 220.13406865]"
Rebolo.,"[246.4776277  117.65932285 127.89287223 181.02069056 450.62929809
 283.74679996 220.83474257 485.42720507 468.18713256 332.41315431
 296.11457446 186.33026961 260.05708364 288.51726178 380.3129668
 390.63186553 486.63196334 165.15660917 263.89783985 474.51500843
 413.87157599 152.3133956  415.91353553 137.75532452 106.18436767
 386.11121732 162.28686662 306.67875086 460.2084056  299.57956999
 412.68680818 486.35414931 338.92778105 158.16902571 371.94370977
 380.00003419]"
San José.,"[385.67760818 487.37333796 381.22976283 461.73447442 389.8944457
 410.52958225 121.37877681 190.55445937 277.03541919 411.25936945
 241.778405   198.37372941 233.01097682 183.63386429 146.4700379
 298.24756409 198.55512485 435.38498027 478.06897511 373.43388188
 188.64469342 303.19732514 263.58405121 296.83642256 249.01599201
 304.39792514 246.71907064 445.37540187 326.1016546  213.51810367
 461.50256171 157.44830873 371.05807254 148.28197959 358.45756742
 483.98966699]"
San Nicolás.,"[236.93616574 464.3400706  413.41051661 488.82773383 370.07311418
 258.36994416 206.85282824 108.79266343 281.93503069 241.73151494
 169.1377108  154.74765119 359.92252827 129.4822492  386.4635087
 227.67685753 336.52134504 439.82631205 110.34481741 177.39046624
 203.08423834 189.27427691 326.64266239 314.89828994 368.81286008
 169.02966031 481.50326177 435.91878444 362.9310293  114.4403845
 258.32412555 371.95183422 414.00322684 138.95543485 157.26719844
 123.1234916 ]"
San Roque.,"[427.40883387 120.18222874 450.12446017 100.06662643 137.6133689
 113.12753735 499.84946972 255.84132453 468.40710011 217.73817143
 152.47456013 464.62566625 291.02880496 262.1928577  415.1695356
 324.04580317 482.48428067 230.71203891 471.02076396 138.91774056
 116.40930061 365.3566779  355.51841797 158.65183885 245.52570196
 162.56801537 346.24315714 319.13739008 419.8077695  135.88781309
 484.43672058 181.7510339  493.73378075 435.73951753 170.54434558
 443.20312509]"
Santa Helena.,"[123.04429013 343.38960925 101.78495273 407.23607635 362.85425964
 135.20975496 477.91890253 461.30539288 348.89994333 100.18474026
 189.45685868 121.70910564 399.61724433 402.27904448 433.92763659
 441.66416953 311.01074287 341.00083215 324.24277732 461.7091562
 182.77055301 484.83139123 198.5504211  436.69825697 486.2041198
 232.37911111 236.01657121 341.6726171  323.99347082 436.47764049
 208.88228272 499.43421069 203.29822349 322.66862114 336.13954961
 173.55005379]"
Simón Bolívar.,"[258.42203492 245.44967035 115.42160124 183.90164061 232.45371075
 391.76314019 320.77951029 480.98942093 310.42551055 183.07497651
 451.16229579 150.8384724  299.29633085 291.73726369 268.03102235
 474.25942306 439.61038685 238.98956955 414.50287673 230.4631864
 104.8028225  160.60032325 142.99481153 215.91476152 246.89770602
 238.11786246 358.98970447 483.11607899 277.63429087 498.30868851
 165.30899861 351.44574249 216.011535   430.55337931 165.60437238
 252.74218497]"
Tayrona.,"[215.95611146 215.91383204 274.4726908  183.64312779 360.93653155
 127.3684664  357.89971278 297.78970213 436.79988027 420.24473724
 328.25015176 448.23343325 181.23930449 288.6732416  239.22539239
 456.76635801 299.18385993 268.86154399 242.00771463 414.24568717
 209.91549671 326.92943223 312.90800387 275.46554737 308.88024902
 469.02925859 112.79235797 419.59927548 263.96378105 131.39634443
 117.24854836 240.74814933 371.38523805 293.09908586 403.62214501
 297.82821246]"
Universal I y II.,"[235.19108679 457.94169545 482.63755824 274.33059503 115.34560667
 386.27514134 446.02499082 207.28251413 112.88037352 210.78082974
 365.62665625 391.90560164 136.57647465 267.21059155 365.71314242
 421.78820156 212.64199123 256.86817727 279.15084845 230.84908152
 426.08946773 281.82684641 436.82922463 231.74209914 252.43693529
 346.96558265 433.06515887 245.85385588 199.65870208 109.29976844
 279.73920609 471.82512187 100.18817516 394.07345483 153.70634033
 332.42169113]"
Villa Blanca.,"[487.36015162 473.55853854 233.04694218 343.59169375 432.17685692
 498.0840188  378.55350631 400.13867306 266.14265361 203.30129825
 263.10124802 225.23624499 295.29354851 218.21244213 259.49351295
 318.32219004 420.45919075 334.35525534 246.31085453 173.21492133
 474.96365046 289.71200466 137.89935074 167.06851958 121.11118734
 453.61103507 168.10280482 224.33208571 358.73128234 466.49770425
 190.76693109 128.45139692 275.09061044 292.49468052 112.24045936
 379.18208389]"
Villa del Carmen.,"[483.53428602 454.22940712 125.63347913 270.31465364 155.93204239
 129.70799176 157.23110948 361.79872185 167.60339702 177.93208595
 323.62086202 123.11989141 352.00635879 345.0442449  410.10614977
 355.95848661 145.42615902 228.6740796  333.3377801  395.34701103
 343.33436853 431.26231136 126.46884554 333.34948079 141.22614842
 361.72049064 298.41321587 378.30509006 137.45433773 438.34631
 499.46737479 200.19605983 119.6929862  336.91420153 161.82129831
 449.04188855]"
Zona Franca.,"[112.06141552 100.09254759 188.06737424 361.37111033 444.78209465
 440.66322912 440.25086099 313.42354844 330.95313885 247.45068682
 169.69215196 133.59037564 153.09920163 330.55547481 421.31252086
 364.87264381 274.81653619 301.04520331 186.376685   350.72228222
 393.77793367 134.97976848 124.2334299  401.32469527 191.26787104
 295.95593128 424.74889965 143.86706198 297.14337637 421.21907452
 416.11851949 325.84836664 269.22747233 138.35735236 419.76835879
 154.26988185]"